data-raw/Spatial_Layers/bbsoven.txt
ncols         723
nrows         253
xllcorner     -125.09693410456
yllcorner     32.063231298521
cellsize      0.1
NODATA_value  -9999
[rows 96 to 127 of 253, columns 511 to 583 of 723]
1.17153 1.17153 1.4638 1.4638 1.4638 2.06183 2.06183 2.06183 2.51776 2.51776 2.51776 2.51776 2.12174 2.12174 2.12174 0.423946 0.423946 0.423946 1.99101 1.99101 1.99101 1.99101 3.1148 3.1148 3.1148 1.38072 1.38072 1.38072 3.45488 3.45488 3.45488 3.45488 3.17317 3.17317 3.17317 4.32805 4.32805 4.32805 5.11905 5.11905 5.11905 5.11905 -9999 -9999 -9999 2.91333 2.91333 2.91333 5.38621 5.38621 5.38621 5.38621 4.90067 4.90067 4.90067 4.06508 4.06508 4.06508 2.91688 2.91688 2.91688 2.91688 3.48125 3.48125 3.48125 2.07309 2.07309 2.07309 2.8011 2.8011 2.8011 2.8011 2.42112
2.70225 2.70225 2.35694 2.35694 2.35694 3.4905 3.4905 3.4905 3.0922 3.0922 3.0922 3.0922 1.62436 1.62436 1.62436 1.74697 1.74697 1.74697 1.17171 1.17171 1.17171 1.17171 1.6957 1.6957 1.6957 1.94975 1.94975 1.94975 2.72684 2.72684 2.72684 2.72684 6.8146 6.8146 6.8146 5.6108 5.6108 5.6108 -9999 -9999 -9999 -9999 3.82847 3.82847 3.82847 4.63318 4.63318 4.63318 4.02019 4.02019 4.02019 4.02019 1.72115 1.72115 1.72115 4.06458 4.06458 4.06458 4.67692 4.67692 4.67692 4.67692 2.85154 2.85154 2.85154 2.4836 2.4836 2.4836 3.25392 3.25392 3.25392 3.25392 5.27836
2.70225 2.70225 2.35694 2.35694 2.35694 3.4905 3.4905 3.4905 3.0922 3.0922 3.0922 3.0922 1.62436 1.62436 1.62436 1.74697 1.74697 1.74697 1.17171 1.17171 1.17171 1.17171 1.6957 1.6957 1.6957 1.94975 1.94975 1.94975 2.72684 2.72684 2.72684 2.72684 6.8146 6.8146 6.8146 5.6108 5.6108 5.6108 -9999 -9999 -9999 -9999 3.82847 3.82847 3.82847 4.63318 4.63318 4.63318 4.02019 4.02019 4.02019 4.02019 1.72115 1.72115 1.72115 4.06458 4.06458 4.06458 4.67692 4.67692 4.67692 4.67692 2.85154 2.85154 2.85154 2.4836 2.4836 2.4836 3.25392 3.25392 3.25392 3.25392 5.27836
2.70225 2.70225 2.35694 2.35694 2.35694 3.4905 3.4905 3.4905 3.0922 3.0922 3.0922 3.0922 1.62436 1.62436 1.62436 1.74697 1.74697 1.74697 1.17171 1.17171 1.17171 1.17171 1.6957 1.6957 1.6957 1.94975 1.94975 1.94975 2.72684 2.72684 2.72684 2.72684 6.8146 6.8146 6.8146 5.6108 5.6108 5.6108 -9999 -9999 -9999 -9999 3.82847 3.82847 3.82847 4.63318 4.63318 4.63318 4.02019 4.02019 4.02019 4.02019 1.72115 1.72115 1.72115 4.06458 4.06458 4.06458 4.67692 4.67692 4.67692 4.67692 2.85154 2.85154 2.85154 2.4836 2.4836 2.4836 3.25392 3.25392 3.25392 3.25392 5.27836
3.89686 3.89686 8.44649 8.44649 8.44649 5.38427 5.38427 5.38427 4.25328 4.25328 4.25328 4.25328 5.63492 5.63492 5.63492 3.57581 3.57581 3.57581 4.23814 4.23814 4.23814 4.23814 2.64294 2.64294 2.64294 2.33174 2.33174 2.33174 1.35978 1.35978 1.35978 1.35978 -9999 -9999 -9999 -9999 -9999 -9999 6.16251 6.16251 6.16251 6.16251 5.17855 5.17855 5.17855 5.00737 5.00737 5.00737 4.58836 4.58836 4.58836 4.58836 3.17309 3.17309 3.17309 2.16991 2.16991 2.16991 2.77209 2.77209 2.77209 2.77209 2.97738 2.97738 2.97738 4.18688 4.18688 4.18688 4.42551 4.42551 4.42551 4.42551 7.13195
3.89686 3.89686 8.44649 8.44649 8.44649 5.38427 5.38427 5.38427 4.25328 4.25328 4.25328 4.25328 5.63492 5.63492 5.63492 3.57581 3.57581 3.57581 4.23814 4.23814 4.23814 4.23814 2.64294 2.64294 2.64294 2.33174 2.33174 2.33174 1.35978 1.35978 1.35978 1.35978 -9999 -9999 -9999 -9999 -9999 -9999 6.16251 6.16251 6.16251 6.16251 5.17855 5.17855 5.17855 5.00737 5.00737 5.00737 4.58836 4.58836 4.58836 4.58836 3.17309 3.17309 3.17309 2.16991 2.16991 2.16991 2.77209 2.77209 2.77209 2.77209 2.97738 2.97738 2.97738 4.18688 4.18688 4.18688 4.42551 4.42551 4.42551 4.42551 7.13195
3.89686 3.89686 8.44649 8.44649 8.44649 5.38427 5.38427 5.38427 4.25328 4.25328 4.25328 4.25328 5.63492 5.63492 5.63492 3.57581 3.57581 3.57581 4.23814 4.23814 4.23814 4.23814 2.64294 2.64294 2.64294 2.33174 2.33174 2.33174 1.35978 1.35978 1.35978 1.35978 -9999 -9999 -9999 -9999 -9999 -9999 6.16251 6.16251 6.16251 6.16251 5.17855 5.17855 5.17855 5.00737 5.00737 5.00737 4.58836 4.58836 4.58836 4.58836 3.17309 3.17309 3.17309 2.16991 2.16991 2.16991 2.77209 2.77209 2.77209 2.77209 2.97738 2.97738 2.97738 4.18688 4.18688 4.18688 4.42551 4.42551 4.42551 4.42551 7.13195
8.18642 8.18642 9.66643 9.66643 9.66643 10.2612 10.2612 10.2612 11.3048 11.3048 11.3048 11.3048 10.7456 10.7456 10.7456 7.2684 7.2684 7.2684 4.9436 4.9436 4.9436 4.9436 4.21719 4.21719 4.21719 4.83505 4.83505 4.83505 -9999 -9999 -9999 -9999 6.67879 6.67879 6.67879 6.05754 6.05754 6.05754 6.16554 6.16554 6.16554 6.16554 6.03607 6.03607 6.03607 4.80708 4.80708 4.80708 5.31677 5.31677 5.31677 5.31677 5.29244 5.29244 5.29244 5.05832 5.05832 5.05832 1.77182 1.77182 1.77182 1.77182 3.72568 3.72568 3.72568 2.93739 2.93739 2.93739 6.23744 6.23744 6.23744 6.23744 8.68321
8.18642 8.18642 9.66643 9.66643 9.66643 10.2612 10.2612 10.2612 11.3048 11.3048 11.3048 11.3048 10.7456 10.7456 10.7456 7.2684 7.2684 7.2684 4.9436 4.9436 4.9436 4.9436 4.21719 4.21719 4.21719 4.83505 4.83505 4.83505 -9999 -9999 -9999 -9999 6.67879 6.67879 6.67879 6.05754 6.05754 6.05754 6.16554 6.16554 6.16554 6.16554 6.03607 6.03607 6.03607 4.80708 4.80708 4.80708 5.31677 5.31677 5.31677 5.31677 5.29244 5.29244 5.29244 5.05832 5.05832 5.05832 1.77182 1.77182 1.77182 1.77182 3.72568 3.72568 3.72568 2.93739 2.93739 2.93739 6.23744 6.23744 6.23744 6.23744 8.68321
8.18642 8.18642 9.66643 9.66643 9.66643 10.2612 10.2612 10.2612 11.3048 11.3048 11.3048 11.3048 10.7456 10.7456 10.7456 7.2684 7.2684 7.2684 4.9436 4.9436 4.9436 4.9436 4.21719 4.21719 4.21719 4.83505 4.83505 4.83505 -9999 -9999 -9999 -9999 6.67879 6.67879 6.67879 6.05754 6.05754 6.05754 6.16554 6.16554 6.16554 6.16554 6.03607 6.03607 6.03607 4.80708 4.80708 4.80708 5.31677 5.31677 5.31677 5.31677 5.29244 5.29244 5.29244 5.05832 5.05832 5.05832 1.77182 1.77182 1.77182 1.77182 3.72568 3.72568 3.72568 2.93739 2.93739 2.93739 6.23744 6.23744 6.23744 6.23744 8.68321
8.18642 8.18642 9.66643 9.66643 9.66643 10.2612 10.2612 10.2612 11.3048 11.3048 11.3048 11.3048 10.7456 10.7456 10.7456 7.2684 7.2684 7.2684 4.9436 4.9436 4.9436 4.9436 4.21719 4.21719 4.21719 4.83505 4.83505 4.83505 -9999 -9999 -9999 -9999 6.67879 6.67879 6.67879 6.05754 6.05754 6.05754 6.16554 6.16554 6.16554 6.16554 6.03607 6.03607 6.03607 4.80708 4.80708 4.80708 5.31677 5.31677 5.31677 5.31677 5.29244 5.29244 5.29244 5.05832 5.05832 5.05832 1.77182 1.77182 1.77182 1.77182 3.72568 3.72568 3.72568 2.93739 2.93739 2.93739 6.23744 6.23744 6.23744 6.23744 8.68321
11.9838 11.9838 10.2837 10.2837 10.2837 10.9964 10.9964 10.9964 14.0449 14.0449 14.0449 14.0449 12.6564 12.6564 12.6564 9.68294 9.68294 9.68294 5.46103 5.46103 5.46103 5.46103 9.49327 9.49327 9.49327 6.83315 6.83315 6.83315 7.5861 7.5861 7.5861 7.5861 7.40574 7.40574 7.40574 8.3542 8.3542 8.3542 6.52594 6.52594 6.52594 6.52594 5.96538 5.96538 5.96538 6.57902 6.57902 6.57902 5.82063 5.82063 5.82063 5.82063 7.72024 7.72024 7.72024 8.44738 8.44738 8.44738 6.31258 6.31258 6.31258 6.31258 5.66539 5.66539 5.66539 6.56481 6.56481 6.56481 11.0195 11.0195 11.0195 11.0195 15.0379
11.9838 11.9838 10.2837 10.2837 10.2837 10.9964 10.9964 10.9964 14.0449 14.0449 14.0449 14.0449 12.6564 12.6564 12.6564 9.68294 9.68294 9.68294 5.46103 5.46103 5.46103 5.46103 9.49327 9.49327 9.49327 6.83315 6.83315 6.83315 7.5861 7.5861 7.5861 7.5861 7.40574 7.40574 7.40574 8.3542 8.3542 8.3542 6.52594 6.52594 6.52594 6.52594 5.96538 5.96538 5.96538 6.57902 6.57902 6.57902 5.82063 5.82063 5.82063 5.82063 7.72024 7.72024 7.72024 8.44738 8.44738 8.44738 6.31258 6.31258 6.31258 6.31258 5.66539 5.66539 5.66539 6.56481 6.56481 6.56481 11.0195 11.0195 11.0195 11.0195 15.0379
11.9838 11.9838 10.2837 10.2837 10.2837 10.9964 10.9964 10.9964 14.0449 14.0449 14.0449 14.0449 12.6564 12.6564 12.6564 9.68294 9.68294 9.68294 5.46103 5.46103 5.46103 5.46103 9.49327 9.49327 9.49327 6.83315 6.83315 6.83315 7.5861 7.5861 7.5861 7.5861 7.40574 7.40574 7.40574 8.3542 8.3542 8.3542 6.52594 6.52594 6.52594 6.52594 5.96538 5.96538 5.96538 6.57902 6.57902 6.57902 5.82063 5.82063 5.82063 5.82063 7.72024 7.72024 7.72024 8.44738 8.44738 8.44738 6.31258 6.31258 6.31258 6.31258 5.66539 5.66539 5.66539 6.56481 6.56481 6.56481 11.0195 11.0195 11.0195 11.0195 15.0379
11.5989 11.5989 10.7892 10.7892 10.7892 11.371 11.371 11.371 -9999 -9999 -9999 -9999 12.5749 12.5749 12.5749 11.5437 11.5437 11.5437 10.7014 10.7014 10.7014 10.7014 10.4508 10.4508 10.4508 10.7443 10.7443 10.7443 11.1891 11.1891 11.1891 11.1891 15.8776 15.8776 15.8776 10.3452 10.3452 10.3452 8.2118 8.2118 8.2118 8.2118 9.39354 9.39354 9.39354 11.5008 11.5008 11.5008 13.0544 13.0544 13.0544 13.0544 10.1921 10.1921 10.1921 7.15478 7.15478 7.15478 7.67701 7.67701 7.67701 7.67701 7.76301 7.76301 7.76301 3.71381 3.71381 3.71381 9.7142 9.7142 9.7142 9.7142 17.8855
11.5989 11.5989 10.7892 10.7892 10.7892 11.371 11.371 11.371 -9999 -9999 -9999 -9999 12.5749 12.5749 12.5749 11.5437 11.5437 11.5437 10.7014 10.7014 10.7014 10.7014 10.4508 10.4508 10.4508 10.7443 10.7443 10.7443 11.1891 11.1891 11.1891 11.1891 15.8776 15.8776 15.8776 10.3452 10.3452 10.3452 8.2118 8.2118 8.2118 8.2118 9.39354 9.39354 9.39354 11.5008 11.5008 11.5008 13.0544 13.0544 13.0544 13.0544 10.1921 10.1921 10.1921 7.15478 7.15478 7.15478 7.67701 7.67701 7.67701 7.67701 7.76301 7.76301 7.76301 3.71381 3.71381 3.71381 9.7142 9.7142 9.7142 9.7142 17.8855
11.5989 11.5989 10.7892 10.7892 10.7892 11.371 11.371 11.371 -9999 -9999 -9999 -9999 12.5749 12.5749 12.5749 11.5437 11.5437 11.5437 10.7014 10.7014 10.7014 10.7014 10.4508 10.4508 10.4508 10.7443 10.7443 10.7443 11.1891 11.1891 11.1891 11.1891 15.8776 15.8776 15.8776 10.3452 10.3452 10.3452 8.2118 8.2118 8.2118 8.2118 9.39354 9.39354 9.39354 11.5008 11.5008 11.5008 13.0544 13.0544 13.0544 13.0544 10.1921 10.1921 10.1921 7.15478 7.15478 7.15478 7.67701 7.67701 7.67701 7.67701 7.76301 7.76301 7.76301 3.71381 3.71381 3.71381 9.7142 9.7142 9.7142 9.7142 17.8855
9.66373 9.66373 10.5092 10.5092 10.5092 8.68732 8.68732 8.68732 10.9089 10.9089 10.9089 10.9089 11.3614 11.3614 11.3614 11.028 11.028 11.028 11.9758 11.9758 11.9758 11.9758 13.8631 13.8631 13.8631 13.2798 13.2798 13.2798 10.4764 10.4764 10.4764 10.4764 12.4087 12.4087 12.4087 11.5074 11.5074 11.5074 12.0196 12.0196 12.0196 12.0196 12.6592 12.6592 12.6592 12.9902 12.9902 12.9902 11.2857 11.2857 11.2857 11.2857 13.55 13.55 13.55 14.2115 14.2115 14.2115 8.34735 8.34735 8.34735 8.34735 8.33923 8.33923 8.33923 10.7674 10.7674 10.7674 13.361 13.361 13.361 13.361 13.799
9.66373 9.66373 10.5092 10.5092 10.5092 8.68732 8.68732 8.68732 10.9089 10.9089 10.9089 10.9089 11.3614 11.3614 11.3614 11.028 11.028 11.028 11.9758 11.9758 11.9758 11.9758 13.8631 13.8631 13.8631 13.2798 13.2798 13.2798 10.4764 10.4764 10.4764 10.4764 12.4087 12.4087 12.4087 11.5074 11.5074 11.5074 12.0196 12.0196 12.0196 12.0196 12.6592 12.6592 12.6592 12.9902 12.9902 12.9902 11.2857 11.2857 11.2857 11.2857 13.55 13.55 13.55 14.2115 14.2115 14.2115 8.34735 8.34735 8.34735 8.34735 8.33923 8.33923 8.33923 10.7674 10.7674 10.7674 13.361 13.361 13.361 13.361 13.799
9.66373 9.66373 10.5092 10.5092 10.5092 8.68732 8.68732 8.68732 10.9089 10.9089 10.9089 10.9089 11.3614 11.3614 11.3614 11.028 11.028 11.028 11.9758 11.9758 11.9758 11.9758 13.8631 13.8631 13.8631 13.2798 13.2798 13.2798 10.4764 10.4764 10.4764 10.4764 12.4087 12.4087 12.4087 11.5074 11.5074 11.5074 12.0196 12.0196 12.0196 12.0196 12.6592 12.6592 12.6592 12.9902 12.9902 12.9902 11.2857 11.2857 11.2857 11.2857 13.55 13.55 13.55 14.2115 14.2115 14.2115 8.34735 8.34735 8.34735 8.34735 8.33923 8.33923 8.33923 10.7674 10.7674 10.7674 13.361 13.361 13.361 13.361 13.799
9.66373 9.66373 10.5092 10.5092 10.5092 8.68732 8.68732 8.68732 10.9089 10.9089 10.9089 10.9089 11.3614 11.3614 11.3614 11.028 11.028 11.028 11.9758 11.9758 11.9758 11.9758 13.8631 13.8631 13.8631 13.2798 13.2798 13.2798 10.4764 10.4764 10.4764 10.4764 12.4087 12.4087 12.4087 11.5074 11.5074 11.5074 12.0196 12.0196 12.0196 12.0196 12.6592 12.6592 12.6592 12.9902 12.9902 12.9902 11.2857 11.2857 11.2857 11.2857 13.55 13.55 13.55 14.2115 14.2115 14.2115 8.34735 8.34735 8.34735 8.34735 8.33923 8.33923 8.33923 10.7674 10.7674 10.7674 13.361 13.361 13.361 13.361 13.799
8.85037 8.85037 6.96948 6.96948 6.96948 7.10936 7.10936 7.10936 8.51559 8.51559 8.51559 8.51559 9.19287 9.19287 9.19287 9.92738 9.92738 9.92738 10.903 10.903 10.903 10.903 12.4609 12.4609 12.4609 13.5516 13.5516 13.5516 14.0193 14.0193 14.0193 14.0193 14.7455 14.7455 14.7455 15.9741 15.9741 15.9741 16.4899 16.4899 16.4899 16.4899 17.4237 17.4237 17.4237 16.1678 16.1678 16.1678 15.7993 15.7993 15.7993 15.7993 19.1798 19.1798 19.1798 14.395 14.395 14.395 9.17418 9.17418 9.17418 9.17418 4.91125 4.91125 4.91125 13.3642 13.3642 13.3642 13.7707 13.7707 13.7707 13.7707 15.5509
8.85037 8.85037 6.96948 6.96948 6.96948 7.10936 7.10936 7.10936 8.51559 8.51559 8.51559 8.51559 9.19287 9.19287 9.19287 9.92738 9.92738 9.92738 10.903 10.903 10.903 10.903 12.4609 12.4609 12.4609 13.5516 13.5516 13.5516 14.0193 14.0193 14.0193 14.0193 14.7455 14.7455 14.7455 15.9741 15.9741 15.9741 16.4899 16.4899 16.4899 16.4899 17.4237 17.4237 17.4237 16.1678 16.1678 16.1678 15.7993 15.7993 15.7993 15.7993 19.1798 19.1798 19.1798 14.395 14.395 14.395 9.17418 9.17418 9.17418 9.17418 4.91125 4.91125 4.91125 13.3642 13.3642 13.3642 13.7707 13.7707 13.7707 13.7707 15.5509
8.85037 8.85037 6.96948 6.96948 6.96948 7.10936 7.10936 7.10936 8.51559 8.51559 8.51559 8.51559 9.19287 9.19287 9.19287 9.92738 9.92738 9.92738 10.903 10.903 10.903 10.903 12.4609 12.4609 12.4609 13.5516 13.5516 13.5516 14.0193 14.0193 14.0193 14.0193 14.7455 14.7455 14.7455 15.9741 15.9741 15.9741 16.4899 16.4899 16.4899 16.4899 17.4237 17.4237 17.4237 16.1678 16.1678 16.1678 15.7993 15.7993 15.7993 15.7993 19.1798 19.1798 19.1798 14.395 14.395 14.395 9.17418 9.17418 9.17418 9.17418 4.91125 4.91125 4.91125 13.3642 13.3642 13.3642 13.7707 13.7707 13.7707 13.7707 15.5509
10.4154 10.4154 7.69637 7.69637 7.69637 7.84089 7.84089 7.84089 9.86034 9.86034 9.86034 9.86034 11.4453 11.4453 11.4453 12.8636 12.8636 12.8636 12.6859 12.6859 12.6859 12.6859 13.5092 13.5092 13.5092 15.1549 15.1549 15.1549 15.2738 15.2738 15.2738 15.2738 16.5543 16.5543 16.5543 17.2767 17.2767 17.2767 18.9062 18.9062 18.9062 18.9062 19.7185 19.7185 19.7185 20.8418 20.8418 20.8418 21.1085 21.1085 21.1085 21.1085 15.9961 15.9961 15.9961 15.0726 15.0726 15.0726 11.0057 11.0057 11.0057 11.0057 9.97312 9.97312 9.97312 12.3027 12.3027 12.3027 12.4949 12.4949 12.4949 12.4949 20.2729
10.4154 10.4154 7.69637 7.69637 7.69637 7.84089 7.84089 7.84089 9.86034 9.86034 9.86034 9.86034 11.4453 11.4453 11.4453 12.8636 12.8636 12.8636 12.6859 12.6859 12.6859 12.6859 13.5092 13.5092 13.5092 15.1549 15.1549 15.1549 15.2738 15.2738 15.2738 15.2738 16.5543 16.5543 16.5543 17.2767 17.2767 17.2767 18.9062 18.9062 18.9062 18.9062 19.7185 19.7185 19.7185 20.8418 20.8418 20.8418 21.1085 21.1085 21.1085 21.1085 15.9961 15.9961 15.9961 15.0726 15.0726 15.0726 11.0057 11.0057 11.0057 11.0057 9.97312 9.97312 9.97312 12.3027 12.3027 12.3027 12.4949 12.4949 12.4949 12.4949 20.2729
10.4154 10.4154 7.69637 7.69637 7.69637 7.84089 7.84089 7.84089 9.86034 9.86034 9.86034 9.86034 11.4453 11.4453 11.4453 12.8636 12.8636 12.8636 12.6859 12.6859 12.6859 12.6859 13.5092 13.5092 13.5092 15.1549 15.1549 15.1549 15.2738 15.2738 15.2738 15.2738 16.5543 16.5543 16.5543 17.2767 17.2767 17.2767 18.9062 18.9062 18.9062 18.9062 19.7185 19.7185 19.7185 20.8418 20.8418 20.8418 21.1085 21.1085 21.1085 21.1085 15.9961 15.9961 15.9961 15.0726 15.0726 15.0726 11.0057 11.0057 11.0057 11.0057 9.97312 9.97312 9.97312 12.3027 12.3027 12.3027 12.4949 12.4949 12.4949 12.4949 20.2729
15.3366 15.3366 12.836 12.836 12.836 13.099 13.099 13.099 11.3108 11.3108 11.3108 11.3108 13.1617 13.1617 13.1617 13.9238 13.9238 13.9238 14.0574 14.0574 14.0574 14.0574 17.4001 17.4001 17.4001 16.7363 16.7363 16.7363 17.2921 17.2921 17.2921 17.2921 17.2284 17.2284 17.2284 23.3381 23.3381 23.3381 19.1009 19.1009 19.1009 19.1009 18.6818 18.6818 18.6818 19.1239 19.1239 19.1239 20.0834 20.0834 20.0834 20.0834 18.8813 18.8813 18.8813 16.252 16.252 16.252 13.5534 13.5534 13.5534 13.5534 10.8483 10.8483 10.8483 23.3623 23.3623 23.3623 -9999 -9999 -9999 -9999 -9999
15.3366 15.3366 12.836 12.836 12.836 13.099 13.099 13.099 11.3108 11.3108 11.3108 11.3108 13.1617 13.1617 13.1617 13.9238 13.9238 13.9238 14.0574 14.0574 14.0574 14.0574 17.4001 17.4001 17.4001 16.7363 16.7363 16.7363 17.2921 17.2921 17.2921 17.2921 17.2284 17.2284 17.2284 23.3381 23.3381 23.3381 19.1009 19.1009 19.1009 19.1009 18.6818 18.6818 18.6818 19.1239 19.1239 19.1239 20.0834 20.0834 20.0834 20.0834 18.8813 18.8813 18.8813 16.252 16.252 16.252 13.5534 13.5534 13.5534 13.5534 10.8483 10.8483 10.8483 23.3623 23.3623 23.3623 -9999 -9999 -9999 -9999 -9999
15.3366 15.3366 12.836 12.836 12.836 13.099 13.099 13.099 11.3108 11.3108 11.3108 11.3108 13.1617 13.1617 13.1617 13.9238 13.9238 13.9238 14.0574 14.0574 14.0574 14.0574 17.4001 17.4001 17.4001 16.7363 16.7363 16.7363 17.2921 17.2921 17.2921 17.2921 17.2284 17.2284 17.2284 23.3381 23.3381 23.3381 19.1009 19.1009 19.1009 19.1009 18.6818 18.6818 18.6818 19.1239 19.1239 19.1239 20.0834 20.0834 20.0834 20.0834 18.8813 18.8813 18.8813 16.252 16.252 16.252 13.5534 13.5534 13.5534 13.5534 10.8483 10.8483 10.8483 23.3623 23.3623 23.3623 -9999 -9999 -9999 -9999 -9999
15.3366 15.3366 12.836 12.836 12.836 13.099 13.099 13.099 11.3108 11.3108 11.3108 11.3108 13.1617 13.1617 13.1617 13.9238 13.9238 13.9238 14.0574 14.0574 14.0574 14.0574 17.4001 17.4001 17.4001 16.7363 16.7363 16.7363 17.2921 17.2921 17.2921 17.2921 17.2284 17.2284 17.2284 23.3381 23.3381 23.3381 19.1009 19.1009 19.1009 19.1009 18.6818 18.6818 18.6818 19.1239 19.1239 19.1239 20.0834 20.0834 20.0834 20.0834 18.8813 18.8813 18.8813 16.252 16.252 16.252 13.5534 13.5534 13.5534 13.5534 10.8483 10.8483 10.8483 23.3623 23.3623 23.3623 -9999 -9999 -9999 -9999 -9999
20.148 20.148 19.1513 19.1513 19.1513 10.3447 10.3447 10.3447 13.5693 13.5693 13.5693 13.5693 17.7997 17.7997 17.7997 15.6171 15.6171 15.6171 16.436 16.436 16.436 16.436 16.4973 16.4973 16.4973 17.1781 17.1781 17.1781 16.8302 16.8302 16.8302 16.8302 17.5651 17.5651 17.5651 21.3298 21.3298 21.3298 16.8167 16.8167 16.8167 16.8167 16.5861 16.5861 16.5861 18.8273 18.8273 18.8273 19.5204 19.5204 19.5204 19.5204 15.1903 15.1903 15.1903 17.3947 17.3947 17.3947 16.2266 16.2266 16.2266 16.2266 -9999 -9999 -9999 -9999 -9999 -9999 -9999 -9999 -9999 -9999 -9999
