data-raw/Spatial_Layers/bbsoven.txt
ncols         723
nrows         253
xllcorner     -125.09693410456
yllcorner     32.063231298521
cellsize      0.1
NODATA_value  -9999
[rows 192 to 223 of 253, columns 292 to 364 of 723]
-9999 -9999 -9999 -9999 -9999 -9999 -9999 -9999 -9999 -9999 -9999 -9999 -9999 -9999 -9999 -9999 -9999 -9999 -9999 -9999 -9999 0.051395 0.051395 0.051395 0.083501 0.083501 0.083501 0.083501 0.746544 0.746544 0.746544 1.07478 1.07478 1.07478 1.7887 1.7887 1.7887 1.7887 1.41436 1.41436 1.41436 2.27176 2.27176 2.27176 2.58659 2.58659 2.58659 2.58659 1.03865 1.03865 1.03865 1.31598 1.31598 1.31598 0.561273 0.561273 0.561273 0.561273 0.252459 0.252459 0.252459 0.233548 0.233548 0.233548 0.192013 0.192013 0.192013 0.192013 -9999 -9999 -9999 0.089156 0.089156
-9999 -9999 -9999 -9999 -9999 -9999 -9999 -9999 -9999 -9999 -9999 -9999 -9999 -9999 -9999 -9999 -9999 -9999 -9999 -9999 -9999 -9999 -9999 -9999 0.736611 0.736611 0.736611 0.736611 0.887676 0.887676 0.887676 1.17142 1.17142 1.17142 3.53843 3.53843 3.53843 3.53843 4.37206 4.37206 4.37206 3.17816 3.17816 3.17816 3.59102 3.59102 3.59102 3.59102 3.176 3.176 3.176 2.63965 2.63965 2.63965 1.82014 1.82014 1.82014 1.82014 1.01906 1.01906 1.01906 0.355039 0.355039 0.355039 0.22632 0.22632 0.22632 0.22632 0.216747 0.216747 0.216747 0.158498 0.158498
-9999 -9999 -9999 -9999 -9999 -9999 -9999 -9999 -9999 -9999 -9999 -9999 -9999 -9999 -9999 -9999 -9999 -9999 -9999 -9999 -9999 -9999 -9999 -9999 0.736611 0.736611 0.736611 0.736611 0.887676 0.887676 0.887676 1.17142 1.17142 1.17142 3.53843 3.53843 3.53843 3.53843 4.37206 4.37206 4.37206 3.17816 3.17816 3.17816 3.59102 3.59102 3.59102 3.59102 3.176 3.176 3.176 2.63965 2.63965 2.63965 1.82014 1.82014 1.82014 1.82014 1.01906 1.01906 1.01906 0.355039 0.355039 0.355039 0.22632 0.22632 0.22632 0.22632 0.216747 0.216747 0.216747 0.158498 0.158498
-9999 -9999 -9999 -9999 -9999 -9999 -9999 -9999 -9999 -9999 -9999 -9999 -9999 -9999 -9999 -9999 -9999 -9999 -9999 -9999 -9999 -9999 -9999 -9999 0.736611 0.736611 0.736611 0.736611 0.887676 0.887676 0.887676 1.17142 1.17142 1.17142 3.53843 3.53843 3.53843 3.53843 4.37206 4.37206 4.37206 3.17816 3.17816 3.17816 3.59102 3.59102 3.59102 3.59102 3.176 3.176 3.176 2.63965 2.63965 2.63965 1.82014 1.82014 1.82014 1.82014 1.01906 1.01906 1.01906 0.355039 0.355039 0.355039 0.22632 0.22632 0.22632 0.22632 0.216747 0.216747 0.216747 0.158498 0.158498
-9999 -9999 -9999 -9999 -9999 -9999 -9999 -9999 -9999 -9999 -9999 -9999 -9999 -9999 -9999 -9999 -9999 -9999 0.083601 0.083601 0.083601 0.102748 0.102748 0.102748 0.127337 0.127337 0.127337 0.127337 0.713601 0.713601 0.713601 1.02727 1.02727 1.02727 2.94433 2.94433 2.94433 2.94433 3.4919 3.4919 3.4919 6.34001 6.34001 6.34001 7.26452 7.26452 7.26452 7.26452 7.48429 7.48429 7.48429 5.51496 5.51496 5.51496 3.35878 3.35878 3.35878 3.35878 2.98706 2.98706 2.98706 0.424792 0.424792 0.424792 0.314428 0.314428 0.314428 0.314428 0.284337 0.284337 0.284337 0.581076 0.581076
-9999 -9999 -9999 -9999 -9999 -9999 -9999 -9999 -9999 -9999 -9999 -9999 -9999 -9999 -9999 -9999 -9999 -9999 0.083601 0.083601 0.083601 0.102748 0.102748 0.102748 0.127337 0.127337 0.127337 0.127337 0.713601 0.713601 0.713601 1.02727 1.02727 1.02727 2.94433 2.94433 2.94433 2.94433 3.4919 3.4919 3.4919 6.34001 6.34001 6.34001 7.26452 7.26452 7.26452 7.26452 7.48429 7.48429 7.48429 5.51496 5.51496 5.51496 3.35878 3.35878 3.35878 3.35878 2.98706 2.98706 2.98706 0.424792 0.424792 0.424792 0.314428 0.314428 0.314428 0.314428 0.284337 0.284337 0.284337 0.581076 0.581076
-9999 -9999 -9999 -9999 -9999 -9999 -9999 -9999 -9999 -9999 -9999 -9999 -9999 -9999 -9999 -9999 -9999 -9999 0.083601 0.083601 0.083601 0.102748 0.102748 0.102748 0.127337 0.127337 0.127337 0.127337 0.713601 0.713601 0.713601 1.02727 1.02727 1.02727 2.94433 2.94433 2.94433 2.94433 3.4919 3.4919 3.4919 6.34001 6.34001 6.34001 7.26452 7.26452 7.26452 7.26452 7.48429 7.48429 7.48429 5.51496 5.51496 5.51496 3.35878 3.35878 3.35878 3.35878 2.98706 2.98706 2.98706 0.424792 0.424792 0.424792 0.314428 0.314428 0.314428 0.314428 0.284337 0.284337 0.284337 0.581076 0.581076
-9999 -9999 -9999 -9999 -9999 -9999 -9999 -9999 -9999 -9999 -9999 -9999 -9999 -9999 -9999 -9999 -9999 -9999 0.083601 0.083601 0.083601 0.102748 0.102748 0.102748 0.127337 0.127337 0.127337 0.127337 0.713601 0.713601 0.713601 1.02727 1.02727 1.02727 2.94433 2.94433 2.94433 2.94433 3.4919 3.4919 3.4919 6.34001 6.34001 6.34001 7.26452 7.26452 7.26452 7.26452 7.48429 7.48429 7.48429 5.51496 5.51496 5.51496 3.35878 3.35878 3.35878 3.35878 2.98706 2.98706 2.98706 0.424792 0.424792 0.424792 0.314428 0.314428 0.314428 0.314428 0.284337 0.284337 0.284337 0.581076 0.581076
-9999 -9999 -9999 -9999 -9999 -9999 -9999 -9999 -9999 -9999 -9999 0.051414 0.051414 0.051414 0.119778 0.119778 0.119778 0.119778 0.158775 0.158775 0.158775 0.211782 0.211782 0.211782 0.168413 0.168413 0.168413 0.168413 0.631211 0.631211 0.631211 0.9178 0.9178 0.9178 2.36541 2.36541 2.36541 2.36541 3.50156 3.50156 3.50156 4.90006 4.90006 4.90006 6.66427 6.66427 6.66427 6.66427 7.69043 7.69043 7.69043 6.44032 6.44032 6.44032 4.74379 4.74379 4.74379 4.74379 1.59935 1.59935 1.59935 0.225282 0.225282 0.225282 0.20408 0.20408 0.20408 0.20408 0.116619 0.116619 0.116619 0.175954 0.175954
-9999 -9999 -9999 -9999 -9999 -9999 -9999 -9999 -9999 -9999 -9999 0.051414 0.051414 0.051414 0.119778 0.119778 0.119778 0.119778 0.158775 0.158775 0.158775 0.211782 0.211782 0.211782 0.168413 0.168413 0.168413 0.168413 0.631211 0.631211 0.631211 0.9178 0.9178 0.9178 2.36541 2.36541 2.36541 2.36541 3.50156 3.50156 3.50156 4.90006 4.90006 4.90006 6.66427 6.66427 6.66427 6.66427 7.69043 7.69043 7.69043 6.44032 6.44032 6.44032 4.74379 4.74379 4.74379 4.74379 1.59935 1.59935 1.59935 0.225282 0.225282 0.225282 0.20408 0.20408 0.20408 0.20408 0.116619 0.116619 0.116619 0.175954 0.175954
-9999 -9999 -9999 -9999 -9999 -9999 -9999 -9999 -9999 -9999 -9999 0.051414 0.051414 0.051414 0.119778 0.119778 0.119778 0.119778 0.158775 0.158775 0.158775 0.211782 0.211782 0.211782 0.168413 0.168413 0.168413 0.168413 0.631211 0.631211 0.631211 0.9178 0.9178 0.9178 2.36541 2.36541 2.36541 2.36541 3.50156 3.50156 3.50156 4.90006 4.90006 4.90006 6.66427 6.66427 6.66427 6.66427 7.69043 7.69043 7.69043 6.44032 6.44032 6.44032 4.74379 4.74379 4.74379 4.74379 1.59935 1.59935 1.59935 0.225282 0.225282 0.225282 0.20408 0.20408 0.20408 0.20408 0.116619 0.116619 0.116619 0.175954 0.175954
-9999 -9999 -9999 -9999 -9999 -9999 -9999 -9999 -9999 -9999 -9999 0.109215 0.109215 0.109215 0.225817 0.225817 0.225817 0.225817 0.271011 0.271011 0.271011 0.399364 0.399364 0.399364 1.8357 1.8357 1.8357 1.8357 1.88361 1.88361 1.88361 0.979296 0.979296 0.979296 0.874035 0.874035 0.874035 0.874035 1.8538 1.8538 1.8538 4.81673 4.81673 4.81673 6.81744 6.81744 6.81744 6.81744 11.9662 11.9662 11.9662 11.9339 11.9339 11.9339 7.09468 7.09468 7.09468 7.09468 2.0056 2.0056 2.0056 1.40914 1.40914 1.40914 0.17671 0.17671 0.17671 0.17671 0.136715 0.136715 0.136715 0.158902 0.158902
-9999 -9999 -9999 -9999 -9999 -9999 -9999 -9999 -9999 -9999 -9999 0.109215 0.109215 0.109215 0.225817 0.225817 0.225817 0.225817 0.271011 0.271011 0.271011 0.399364 0.399364 0.399364 1.8357 1.8357 1.8357 1.8357 1.88361 1.88361 1.88361 0.979296 0.979296 0.979296 0.874035 0.874035 0.874035 0.874035 1.8538 1.8538 1.8538 4.81673 4.81673 4.81673 6.81744 6.81744 6.81744 6.81744 11.9662 11.9662 11.9662 11.9339 11.9339 11.9339 7.09468 7.09468 7.09468 7.09468 2.0056 2.0056 2.0056 1.40914 1.40914 1.40914 0.17671 0.17671 0.17671 0.17671 0.136715 0.136715 0.136715 0.158902 0.158902
-9999 -9999 -9999 -9999 -9999 -9999 -9999 -9999 -9999 -9999 -9999 0.109215 0.109215 0.109215 0.225817 0.225817 0.225817 0.225817 0.271011 0.271011 0.271011 0.399364 0.399364 0.399364 1.8357 1.8357 1.8357 1.8357 1.88361 1.88361 1.88361 0.979296 0.979296 0.979296 0.874035 0.874035 0.874035 0.874035 1.8538 1.8538 1.8538 4.81673 4.81673 4.81673 6.81744 6.81744 6.81744 6.81744 11.9662 11.9662 11.9662 11.9339 11.9339 11.9339 7.09468 7.09468 7.09468 7.09468 2.0056 2.0056 2.0056 1.40914 1.40914 1.40914 0.17671 0.17671 0.17671 0.17671 0.136715 0.136715 0.136715 0.158902 0.158902
-9999 -9999 -9999 -9999 -9999 -9999 -9999 -9999 0.06893 0.06893 0.06893 0.166161 0.166161 0.166161 0.196107 0.196107 0.196107 0.196107 1.65626 1.65626 1.65626 3.53171 3.53171 3.53171 3.68158 3.68158 3.68158 3.68158 3.78421 3.78421 3.78421 3.01548 3.01548 3.01548 2.64555 2.64555 2.64555 2.64555 1.55288 1.55288 1.55288 3.7201 3.7201 3.7201 4.48521 4.48521 4.48521 4.48521 2.70262 2.70262 2.70262 3.30335 3.30335 3.30335 3.75546 3.75546 3.75546 3.75546 1.83516 1.83516 1.83516 -9999 -9999 -9999 -9999 -9999 -9999 -9999 -9999 -9999 -9999 0.080358 0.080358
-9999 -9999 -9999 -9999 -9999 -9999 -9999 -9999 0.06893 0.06893 0.06893 0.166161 0.166161 0.166161 0.196107 0.196107 0.196107 0.196107 1.65626 1.65626 1.65626 3.53171 3.53171 3.53171 3.68158 3.68158 3.68158 3.68158 3.78421 3.78421 3.78421 3.01548 3.01548 3.01548 2.64555 2.64555 2.64555 2.64555 1.55288 1.55288 1.55288 3.7201 3.7201 3.7201 4.48521 4.48521 4.48521 4.48521 2.70262 2.70262 2.70262 3.30335 3.30335 3.30335 3.75546 3.75546 3.75546 3.75546 1.83516 1.83516 1.83516 -9999 -9999 -9999 -9999 -9999 -9999 -9999 -9999 -9999 -9999 0.080358 0.080358
-9999 -9999 -9999 -9999 -9999 -9999 -9999 -9999 0.06893 0.06893 0.06893 0.166161 0.166161 0.166161 0.196107 0.196107 0.196107 0.196107 1.65626 1.65626 1.65626 3.53171 3.53171 3.53171 3.68158 3.68158 3.68158 3.68158 3.78421 3.78421 3.78421 3.01548 3.01548 3.01548 2.64555 2.64555 2.64555 2.64555 1.55288 1.55288 1.55288 3.7201 3.7201 3.7201 4.48521 4.48521 4.48521 4.48521 2.70262 2.70262 2.70262 3.30335 3.30335 3.30335 3.75546 3.75546 3.75546 3.75546 1.83516 1.83516 1.83516 -9999 -9999 -9999 -9999 -9999 -9999 -9999 -9999 -9999 -9999 0.080358 0.080358
-9999 -9999 -9999 -9999 -9999 -9999 -9999 -9999 0.06893 0.06893 0.06893 0.166161 0.166161 0.166161 0.196107 0.196107 0.196107 0.196107 1.65626 1.65626 1.65626 3.53171 3.53171 3.53171 3.68158 3.68158 3.68158 3.68158 3.78421 3.78421 3.78421 3.01548 3.01548 3.01548 2.64555 2.64555 2.64555 2.64555 1.55288 1.55288 1.55288 3.7201 3.7201 3.7201 4.48521 4.48521 4.48521 4.48521 2.70262 2.70262 2.70262 3.30335 3.30335 3.30335 3.75546 3.75546 3.75546 3.75546 1.83516 1.83516 1.83516 -9999 -9999 -9999 -9999 -9999 -9999 -9999 -9999 -9999 -9999 0.080358 0.080358
-9999 -9999 -9999 -9999 0.050448 0.050448 0.050448 0.050448 0.096067 0.096067 0.096067 0.821067 0.821067 0.821067 1.79528 1.79528 1.79528 1.79528 2.61819 2.61819 2.61819 7.24282 7.24282 7.24282 9.90046 9.90046 9.90046 9.90046 7.66583 7.66583 7.66583 6.99106 6.99106 6.99106 3.9462 3.9462 3.9462 3.9462 1.6207 1.6207 1.6207 0.908283 0.908283 0.908283 2.07111 2.07111 2.07111 2.07111 2.12345 2.12345 2.12345 2.11646 2.11646 2.11646 3.04188 3.04188 3.04188 3.04188 -9999 -9999 -9999 -9999 -9999 -9999 -9999 -9999 -9999 -9999 -9999 -9999 -9999 -9999 -9999
-9999 -9999 -9999 -9999 0.050448 0.050448 0.050448 0.050448 0.096067 0.096067 0.096067 0.821067 0.821067 0.821067 1.79528 1.79528 1.79528 1.79528 2.61819 2.61819 2.61819 7.24282 7.24282 7.24282 9.90046 9.90046 9.90046 9.90046 7.66583 7.66583 7.66583 6.99106 6.99106 6.99106 3.9462 3.9462 3.9462 3.9462 1.6207 1.6207 1.6207 0.908283 0.908283 0.908283 2.07111 2.07111 2.07111 2.07111 2.12345 2.12345 2.12345 2.11646 2.11646 2.11646 3.04188 3.04188 3.04188 3.04188 -9999 -9999 -9999 -9999 -9999 -9999 -9999 -9999 -9999 -9999 -9999 -9999 -9999 -9999 -9999
-9999 -9999 -9999 -9999 0.050448 0.050448 0.050448 0.050448 0.096067 0.096067 0.096067 0.821067 0.821067 0.821067 1.79528 1.79528 1.79528 1.79528 2.61819 2.61819 2.61819 7.24282 7.24282 7.24282 9.90046 9.90046 9.90046 9.90046 7.66583 7.66583 7.66583 6.99106 6.99106 6.99106 3.9462 3.9462 3.9462 3.9462 1.6207 1.6207 1.6207 0.908283 0.908283 0.908283 2.07111 2.07111 2.07111 2.07111 2.12345 2.12345 2.12345 2.11646 2.11646 2.11646 3.04188 3.04188 3.04188 3.04188 -9999 -9999 -9999 -9999 -9999 -9999 -9999 -9999 -9999 -9999 -9999 -9999 -9999 -9999 -9999
-9999 -9999 -9999 -9999 0.053114 0.053114 0.053114 0.053114 0.545485 0.545485 0.545485 2.36628 2.36628 2.36628 3.08157 3.08157 3.08157 3.08157 8.54813 8.54813 8.54813 8.16313 8.16313 8.16313 12.2993 12.2993 12.2993 12.2993 14.416 14.416 14.416 10.0845 10.0845 10.0845 5.1861 5.1861 5.1861 5.1861 2.58859 2.58859 2.58859 0.741181 0.741181 0.741181 -9999 -9999 -9999 -9999 -9999 -9999 -9999 -9999 -9999 -9999 -9999 -9999 -9999 -9999 -9999 -9999 -9999 -9999 -9999 -9999 -9999 -9999 -9999 -9999 -9999 -9999 -9999 -9999 -9999
-9999 -9999 -9999 -9999 0.053114 0.053114 0.053114 0.053114 0.545485 0.545485 0.545485 2.36628 2.36628 2.36628 3.08157 3.08157 3.08157 3.08157 8.54813 8.54813 8.54813 8.16313 8.16313 8.16313 12.2993 12.2993 12.2993 12.2993 14.416 14.416 14.416 10.0845 10.0845 10.0845 5.1861 5.1861 5.1861 5.1861 2.58859 2.58859 2.58859 0.741181 0.741181 0.741181 -9999 -9999 -9999 -9999 -9999 -9999 -9999 -9999 -9999 -9999 -9999 -9999 -9999 -9999 -9999 -9999 -9999 -9999 -9999 -9999 -9999 -9999 -9999 -9999 -9999 -9999 -9999 -9999 -9999
-9999 -9999 -9999 -9999 0.053114 0.053114 0.053114 0.053114 0.545485 0.545485 0.545485 2.36628 2.36628 2.36628 3.08157 3.08157 3.08157 3.08157 8.54813 8.54813 8.54813 8.16313 8.16313 8.16313 12.2993 12.2993 12.2993 12.2993 14.416 14.416 14.416 10.0845 10.0845 10.0845 5.1861 5.1861 5.1861 5.1861 2.58859 2.58859 2.58859 0.741181 0.741181 0.741181 -9999 -9999 -9999 -9999 -9999 -9999 -9999 -9999 -9999 -9999 -9999 -9999 -9999 -9999 -9999 -9999 -9999 -9999 -9999 -9999 -9999 -9999 -9999 -9999 -9999 -9999 -9999 -9999 -9999
-9999 -9999 -9999 -9999 -9999 -9999 -9999 -9999 0.050971 0.050971 0.050971 2.82768 2.82768 2.82768 4.53399 4.53399 4.53399 4.53399 8.43981 8.43981 8.43981 8.85117 8.85117 8.85117 9.78613 9.78613 9.78613 9.78613 12.4079 12.4079 12.4079 11.2835 11.2835 11.2835 3.24354 3.24354 3.24354 3.24354 1.36758 1.36758 1.36758 0.890817 0.890817 0.890817 -9999 -9999 -9999 -9999 -9999 -9999 -9999 -9999 -9999 -9999 -9999 -9999 -9999 -9999 -9999 -9999 -9999 -9999 -9999 -9999 -9999 -9999 -9999 -9999 -9999 -9999 -9999 -9999 -9999
-9999 -9999 -9999 -9999 -9999 -9999 -9999 -9999 0.050971 0.050971 0.050971 2.82768 2.82768 2.82768 4.53399 4.53399 4.53399 4.53399 8.43981 8.43981 8.43981 8.85117 8.85117 8.85117 9.78613 9.78613 9.78613 9.78613 12.4079 12.4079 12.4079 11.2835 11.2835 11.2835 3.24354 3.24354 3.24354 3.24354 1.36758 1.36758 1.36758 0.890817 0.890817 0.890817 -9999 -9999 -9999 -9999 -9999 -9999 -9999 -9999 -9999 -9999 -9999 -9999 -9999 -9999 -9999 -9999 -9999 -9999 -9999 -9999 -9999 -9999 -9999 -9999 -9999 -9999 -9999 -9999 -9999
-9999 -9999 -9999 -9999 -9999 -9999 -9999 -9999 0.050971 0.050971 0.050971 2.82768 2.82768 2.82768 4.53399 4.53399 4.53399 4.53399 8.43981 8.43981 8.43981 8.85117 8.85117 8.85117 9.78613 9.78613 9.78613 9.78613 12.4079 12.4079 12.4079 11.2835 11.2835 11.2835 3.24354 3.24354 3.24354 3.24354 1.36758 1.36758 1.36758 0.890817 0.890817 0.890817 -9999 -9999 -9999 -9999 -9999 -9999 -9999 -9999 -9999 -9999 -9999 -9999 -9999 -9999 -9999 -9999 -9999 -9999 -9999 -9999 -9999 -9999 -9999 -9999 -9999 -9999 -9999 -9999 -9999
-9999 -9999 -9999 -9999 -9999 -9999 -9999 -9999 0.050971 0.050971 0.050971 2.82768 2.82768 2.82768 4.53399 4.53399 4.53399 4.53399 8.43981 8.43981 8.43981 8.85117 8.85117 8.85117 9.78613 9.78613 9.78613 9.78613 12.4079 12.4079 12.4079 11.2835 11.2835 11.2835 3.24354 3.24354 3.24354 3.24354 1.36758 1.36758 1.36758 0.890817 0.890817 0.890817 -9999 -9999 -9999 -9999 -9999 -9999 -9999 -9999 -9999 -9999 -9999 -9999 -9999 -9999 -9999 -9999 -9999 -9999 -9999 -9999 -9999 -9999 -9999 -9999 -9999 -9999 -9999 -9999 -9999
-9999 -9999 -9999 -9999 1.13883 1.13883 1.13883 1.13883 3.44824 3.44824 3.44824 2.37876 2.37876 2.37876 5.49189 5.49189 5.49189 5.49189 9.01879 9.01879 9.01879 8.8404 8.8404 8.8404 8.12156 8.12156 8.12156 8.12156 7.32133 7.32133 7.32133 7.60231 7.60231 7.60231 4.22692 4.22692 4.22692 4.22692 1.32283 1.32283 1.32283 -9999 -9999 -9999 -9999 -9999 -9999 -9999 -9999 -9999 -9999 -9999 -9999 -9999 -9999 -9999 -9999 -9999 -9999 -9999 -9999 -9999 -9999 -9999 -9999 -9999 -9999 -9999 -9999 -9999 -9999 -9999 -9999
-9999 -9999 -9999 -9999 1.13883 1.13883 1.13883 1.13883 3.44824 3.44824 3.44824 2.37876 2.37876 2.37876 5.49189 5.49189 5.49189 5.49189 9.01879 9.01879 9.01879 8.8404 8.8404 8.8404 8.12156 8.12156 8.12156 8.12156 7.32133 7.32133 7.32133 7.60231 7.60231 7.60231 4.22692 4.22692 4.22692 4.22692 1.32283 1.32283 1.32283 -9999 -9999 -9999 -9999 -9999 -9999 -9999 -9999 -9999 -9999 -9999 -9999 -9999 -9999 -9999 -9999 -9999 -9999 -9999 -9999 -9999 -9999 -9999 -9999 -9999 -9999 -9999 -9999 -9999 -9999 -9999 -9999
-9999 -9999 -9999 -9999 1.13883 1.13883 1.13883 1.13883 3.44824 3.44824 3.44824 2.37876 2.37876 2.37876 5.49189 5.49189 5.49189 5.49189 9.01879 9.01879 9.01879 8.8404 8.8404 8.8404 8.12156 8.12156 8.12156 8.12156 7.32133 7.32133 7.32133 7.60231 7.60231 7.60231 4.22692 4.22692 4.22692 4.22692 1.32283 1.32283 1.32283 -9999 -9999 -9999 -9999 -9999 -9999 -9999 -9999 -9999 -9999 -9999 -9999 -9999 -9999 -9999 -9999 -9999 -9999 -9999 -9999 -9999 -9999 -9999 -9999 -9999 -9999 -9999 -9999 -9999 -9999 -9999 -9999
-9999 0.674638 0.674638 0.674638 1.37662 1.37662 1.37662 1.37662 4.4038 4.4038 4.4038 6.25324 6.25324 6.25324 8.27838 8.27838 8.27838 8.27838 10.2799 10.2799 10.2799 7.14218 7.14218 7.14218 5.78156 5.78156 5.78156 5.78156 4.48289 4.48289 4.48289 2.28864 2.28864 2.28864 1.14822 1.14822 1.14822 1.14822 0.799163 0.799163 0.799163 -9999 -9999 -9999 -9999 -9999 -9999 -9999 -9999 -9999 -9999 -9999 -9999 -9999 -9999 -9999 -9999 -9999 -9999 -9999 -9999 -9999 -9999 -9999 -9999 -9999 -9999 -9999 -9999 -9999 -9999 -9999 -9999
