data-raw/Spatial_Layers/bbsoven.txt
ncols         723
nrows         253
xllcorner     -125.09693410456
yllcorner     32.063231298521
cellsize      0.1
NODATA_value  -9999
[rows 64 to 95 of 253, columns 365 to 437 of 723]
-9999 -9999 -9999 -9999 -9999 -9999 -9999 -9999 -9999 -9999 -9999 -9999 -9999 -9999 -9999 -9999 -9999 -9999 -9999 -9999 -9999 -9999 -9999 -9999 -9999 -9999 -9999 -9999 -9999 -9999 -9999 -9999 -9999 -9999 -9999 -9999 -9999 -9999 -9999 -9999 -9999 -9999 -9999 -9999 -9999 -9999 -9999 -9999 -9999 -9999 -9999 -9999 -9999 -9999 -9999 -9999 -9999 -9999 -9999 -9999 -9999 -9999 -9999 -9999 -9999 -9999 -9999 -9999 -9999 -9999 -9999 -9999 -9999
-9999 -9999 -9999 -9999 -9999 -9999 -9999 -9999 -9999 -9999 -9999 -9999 -9999 -9999 -9999 -9999 -9999 -9999 -9999 -9999 -9999 -9999 -9999 -9999 -9999 -9999 -9999 -9999 -9999 -9999 -9999 -9999 -9999 -9999 -9999 -9999 -9999 -9999 -9999 -9999 -9999 -9999 -9999 -9999 -9999 -9999 -9999 -9999 -9999 -9999 -9999 -9999 -9999 -9999 -9999 -9999 -9999 -9999 -9999 -9999 -9999 -9999 -9999 -9999 -9999 -9999 -9999 -9999 -9999 -9999 -9999 -9999 -9999
-9999 -9999 -9999 -9999 -9999 -9999 -9999 -9999 -9999 -9999 -9999 -9999 -9999 -9999 -9999 -9999 -9999 -9999 -9999 -9999 -9999 -9999 -9999 -9999 -9999 -9999 -9999 -9999 -9999 -9999 -9999 -9999 -9999 -9999 -9999 -9999 -9999 -9999 -9999 -9999 -9999 -9999 -9999 -9999 -9999 -9999 -9999 -9999 -9999 -9999 -9999 -9999 -9999 -9999 -9999 -9999 -9999 -9999 -9999 -9999 -9999 -9999 -9999 -9999 -9999 -9999 -9999 -9999 -9999 -9999 -9999 -9999 -9999
-9999 -9999 -9999 -9999 -9999 -9999 -9999 -9999 -9999 -9999 -9999 -9999 -9999 -9999 -9999 -9999 -9999 -9999 -9999 -9999 -9999 -9999 -9999 -9999 -9999 -9999 -9999 -9999 -9999 -9999 -9999 -9999 -9999 -9999 -9999 -9999 -9999 -9999 -9999 -9999 -9999 -9999 -9999 -9999 -9999 -9999 -9999 -9999 -9999 -9999 -9999 -9999 -9999 -9999 -9999 -9999 -9999 -9999 -9999 -9999 -9999 -9999 -9999 -9999 -9999 -9999 -9999 -9999 -9999 -9999 -9999 -9999 -9999
-9999 -9999 -9999 -9999 -9999 -9999 -9999 -9999 -9999 -9999 -9999 -9999 -9999 -9999 -9999 -9999 -9999 -9999 -9999 -9999 -9999 -9999 -9999 -9999 -9999 -9999 -9999 -9999 -9999 -9999 -9999 -9999 -9999 -9999 -9999 -9999 -9999 -9999 -9999 -9999 -9999 -9999 -9999 -9999 -9999 -9999 -9999 -9999 -9999 -9999 -9999 -9999 -9999 -9999 -9999 -9999 -9999 -9999 -9999 -9999 -9999 -9999 -9999 -9999 -9999 -9999 -9999 -9999 -9999 -9999 -9999 -9999 -9999
-9999 -9999 -9999 -9999 -9999 -9999 -9999 -9999 -9999 -9999 -9999 -9999 -9999 -9999 -9999 -9999 -9999 -9999 -9999 -9999 -9999 -9999 -9999 -9999 -9999 -9999 -9999 -9999 -9999 -9999 -9999 -9999 -9999 -9999 -9999 -9999 -9999 -9999 -9999 -9999 -9999 -9999 -9999 -9999 -9999 -9999 -9999 -9999 -9999 -9999 -9999 -9999 -9999 -9999 -9999 -9999 -9999 -9999 -9999 -9999 -9999 -9999 -9999 -9999 -9999 -9999 -9999 -9999 -9999 -9999 -9999 -9999 -9999
-9999 -9999 -9999 -9999 -9999 -9999 -9999 -9999 -9999 -9999 -9999 -9999 -9999 -9999 -9999 -9999 -9999 -9999 -9999 -9999 -9999 -9999 -9999 -9999 -9999 -9999 -9999 -9999 -9999 -9999 -9999 -9999 -9999 -9999 -9999 7.39533 7.39533 7.39533 6.74999 6.74999 6.74999 6.33769 6.33769 6.33769 6.33769 6.39251 6.39251 6.39251 6.32844 6.32844 6.32844 7.11498 7.11498 7.11498 7.11498 7.71064 7.71064 7.71064 -9999 -9999 -9999 -9999 -9999 -9999 -9999 -9999 -9999 -9999 -9999 -9999 -9999 -9999 -9999
-9999 -9999 -9999 -9999 -9999 -9999 -9999 -9999 -9999 -9999 -9999 -9999 -9999 -9999 -9999 -9999 -9999 -9999 -9999 -9999 -9999 -9999 -9999 -9999 -9999 -9999 -9999 -9999 -9999 -9999 -9999 -9999 -9999 -9999 -9999 7.39533 7.39533 7.39533 6.74999 6.74999 6.74999 6.33769 6.33769 6.33769 6.33769 6.39251 6.39251 6.39251 6.32844 6.32844 6.32844 7.11498 7.11498 7.11498 7.11498 7.71064 7.71064 7.71064 -9999 -9999 -9999 -9999 -9999 -9999 -9999 -9999 -9999 -9999 -9999 -9999 -9999 -9999 -9999
-9999 -9999 -9999 -9999 -9999 -9999 -9999 -9999 -9999 -9999 -9999 -9999 -9999 -9999 -9999 -9999 -9999 -9999 -9999 -9999 -9999 -9999 -9999 -9999 -9999 -9999 -9999 -9999 -9999 -9999 -9999 -9999 -9999 -9999 -9999 7.39533 7.39533 7.39533 6.74999 6.74999 6.74999 6.33769 6.33769 6.33769 6.33769 6.39251 6.39251 6.39251 6.32844 6.32844 6.32844 7.11498 7.11498 7.11498 7.11498 7.71064 7.71064 7.71064 -9999 -9999 -9999 -9999 -9999 -9999 -9999 -9999 -9999 -9999 -9999 -9999 -9999 -9999 -9999
-9999 -9999 -9999 -9999 -9999 -9999 -9999 -9999 -9999 -9999 -9999 -9999 -9999 -9999 -9999 -9999 -9999 -9999 -9999 -9999 -9999 -9999 -9999 -9999 -9999 -9999 -9999 -9999 13.7771 13.7771 13.7771 9.64106 9.64106 9.64106 9.64106 8.11936 8.11936 8.11936 6.51976 6.51976 6.51976 5.2389 5.2389 5.2389 5.2389 3.95926 3.95926 3.95926 7.09609 7.09609 7.09609 7.34047 7.34047 7.34047 7.34047 9.50305 9.50305 9.50305 8.43697 8.43697 8.43697 10.7453 10.7453 10.7453 10.7453 12.7629 12.7629 12.7629 -9999 -9999 -9999 -9999 -9999
-9999 -9999 -9999 -9999 -9999 -9999 -9999 -9999 -9999 -9999 -9999 -9999 -9999 -9999 -9999 -9999 -9999 -9999 -9999 -9999 -9999 -9999 -9999 -9999 -9999 -9999 -9999 -9999 13.7771 13.7771 13.7771 9.64106 9.64106 9.64106 9.64106 8.11936 8.11936 8.11936 6.51976 6.51976 6.51976 5.2389 5.2389 5.2389 5.2389 3.95926 3.95926 3.95926 7.09609 7.09609 7.09609 7.34047 7.34047 7.34047 7.34047 9.50305 9.50305 9.50305 8.43697 8.43697 8.43697 10.7453 10.7453 10.7453 10.7453 12.7629 12.7629 12.7629 -9999 -9999 -9999 -9999 -9999
-9999 -9999 -9999 -9999 -9999 -9999 -9999 -9999 -9999 -9999 -9999 -9999 -9999 -9999 -9999 -9999 -9999 -9999 -9999 -9999 -9999 -9999 -9999 -9999 -9999 -9999 -9999 -9999 13.7771 13.7771 13.7771 9.64106 9.64106 9.64106 9.64106 8.11936 8.11936 8.11936 6.51976 6.51976 6.51976 5.2389 5.2389 5.2389 5.2389 3.95926 3.95926 3.95926 7.09609 7.09609 7.09609 7.34047 7.34047 7.34047 7.34047 9.50305 9.50305 9.50305 8.43697 8.43697 8.43697 10.7453 10.7453 10.7453 10.7453 12.7629 12.7629 12.7629 -9999 -9999 -9999 -9999 -9999
-9999 -9999 -9999 -9999 -9999 -9999 -9999 -9999 -9999 -9999 -9999 -9999 -9999 -9999 -9999 -9999 -9999 -9999 -9999 -9999 -9999 -9999 -9999 -9999 -9999 -9999 -9999 -9999 13.7771 13.7771 13.7771 9.64106 9.64106 9.64106 9.64106 8.11936 8.11936 8.11936 6.51976 6.51976 6.51976 5.2389 5.2389 5.2389 5.2389 3.95926 3.95926 3.95926 7.09609 7.09609 7.09609 7.34047 7.34047 7.34047 7.34047 9.50305 9.50305 9.50305 8.43697 8.43697 8.43697 10.7453 10.7453 10.7453 10.7453 12.7629 12.7629 12.7629 -9999 -9999 -9999 -9999 -9999
4.91034 5.23766 5.23766 5.23766 5.23766 -9999 -9999 -9999 1.13152 1.13152 1.13152 3.06114 3.06114 3.06114 3.06114 4.55832 4.55832 4.55832 6.09676 6.09676 6.09676 7.27753 7.27753 7.27753 7.27753 9.26474 9.26474 9.26474 10.3324 10.3324 10.3324 8.57107 8.57107 8.57107 8.57107 7.76011 7.76011 7.76011 6.62612 6.62612 6.62612 5.25748 5.25748 5.25748 5.25748 8.22389 8.22389 8.22389 8.85611 8.85611 8.85611 7.06812 7.06812 7.06812 7.06812 7.15598 7.15598 7.15598 7.97913 7.97913 7.97913 10.3348 10.3348 10.3348 10.3348 12.6754 12.6754 12.6754 13.2429 13.2429 13.2429 -9999 -9999
4.91034 5.23766 5.23766 5.23766 5.23766 -9999 -9999 -9999 1.13152 1.13152 1.13152 3.06114 3.06114 3.06114 3.06114 4.55832 4.55832 4.55832 6.09676 6.09676 6.09676 7.27753 7.27753 7.27753 7.27753 9.26474 9.26474 9.26474 10.3324 10.3324 10.3324 8.57107 8.57107 8.57107 8.57107 7.76011 7.76011 7.76011 6.62612 6.62612 6.62612 5.25748 5.25748 5.25748 5.25748 8.22389 8.22389 8.22389 8.85611 8.85611 8.85611 7.06812 7.06812 7.06812 7.06812 7.15598 7.15598 7.15598 7.97913 7.97913 7.97913 10.3348 10.3348 10.3348 10.3348 12.6754 12.6754 12.6754 13.2429 13.2429 13.2429 -9999 -9999
4.91034 5.23766 5.23766 5.23766 5.23766 -9999 -9999 -9999 1.13152 1.13152 1.13152 3.06114 3.06114 3.06114 3.06114 4.55832 4.55832 4.55832 6.09676 6.09676 6.09676 7.27753 7.27753 7.27753 7.27753 9.26474 9.26474 9.26474 10.3324 10.3324 10.3324 8.57107 8.57107 8.57107 8.57107 7.76011 7.76011 7.76011 6.62612 6.62612 6.62612 5.25748 5.25748 5.25748 5.25748 8.22389 8.22389 8.22389 8.85611 8.85611 8.85611 7.06812 7.06812 7.06812 7.06812 7.15598 7.15598 7.15598 7.97913 7.97913 7.97913 10.3348 10.3348 10.3348 10.3348 12.6754 12.6754 12.6754 13.2429 13.2429 13.2429 -9999 -9999
7.01805 7.22041 7.22041 7.22041 7.22041 5.08105 5.08105 5.08105 3.91679 3.91679 3.91679 3.9435 3.9435 3.9435 3.9435 6.30428 6.30428 6.30428 8.06499 8.06499 8.06499 9.36179 9.36179 9.36179 9.36179 13.3175 13.3175 13.3175 11.4024 11.4024 11.4024 7.85256 7.85256 7.85256 7.85256 5.9823 5.9823 5.9823 4.45475 4.45475 4.45475 2.86221 2.86221 2.86221 2.86221 5.24665 5.24665 5.24665 6.49814 6.49814 6.49814 6.86118 6.86118 6.86118 6.86118 6.98763 6.98763 6.98763 4.26339 4.26339 4.26339 10.0277 10.0277 10.0277 10.0277 15.5256 15.5256 15.5256 13.9157 13.9157 13.9157 17.3553 17.3553
7.01805 7.22041 7.22041 7.22041 7.22041 5.08105 5.08105 5.08105 3.91679 3.91679 3.91679 3.9435 3.9435 3.9435 3.9435 6.30428 6.30428 6.30428 8.06499 8.06499 8.06499 9.36179 9.36179 9.36179 9.36179 13.3175 13.3175 13.3175 11.4024 11.4024 11.4024 7.85256 7.85256 7.85256 7.85256 5.9823 5.9823 5.9823 4.45475 4.45475 4.45475 2.86221 2.86221 2.86221 2.86221 5.24665 5.24665 5.24665 6.49814 6.49814 6.49814 6.86118 6.86118 6.86118 6.86118 6.98763 6.98763 6.98763 4.26339 4.26339 4.26339 10.0277 10.0277 10.0277 10.0277 15.5256 15.5256 15.5256 13.9157 13.9157 13.9157 17.3553 17.3553
7.01805 7.22041 7.22041 7.22041 7.22041 5.08105 5.08105 5.08105 3.91679 3.91679 3.91679 3.9435 3.9435 3.9435 3.9435 6.30428 6.30428 6.30428 8.06499 8.06499 8.06499 9.36179 9.36179 9.36179 9.36179 13.3175 13.3175 13.3175 11.4024 11.4024 11.4024 7.85256 7.85256 7.85256 7.85256 5.9823 5.9823 5.9823 4.45475 4.45475 4.45475 2.86221 2.86221 2.86221 2.86221 5.24665 5.24665 5.24665 6.49814 6.49814 6.49814 6.86118 6.86118 6.86118 6.86118 6.98763 6.98763 6.98763 4.26339 4.26339 4.26339 10.0277 10.0277 10.0277 10.0277 15.5256 15.5256 15.5256 13.9157 13.9157 13.9157 17.3553 17.3553
6.37777 7.22545 7.22545 7.22545 7.22545 -9999 -9999 -9999 -9999 -9999 -9999 5.68849 5.68849 5.68849 5.68849 6.3405 6.3405 6.3405 8.15639 8.15639 8.15639 12.3447 12.3447 12.3447 12.3447 21.4629 21.4629 21.4629 10.8396 10.8396 10.8396 8.01053 8.01053 8.01053 8.01053 6.5314 6.5314 6.5314 5.57218 5.57218 5.57218 6.28291 6.28291 6.28291 6.28291 6.49509 6.49509 6.49509 6.79396 6.79396 6.79396 7.23012 7.23012 7.23012 7.23012 12.272 12.272 12.272 13.9956 13.9956 13.9956 18.0366 18.0366 18.0366 18.0366 17.4305 17.4305 17.4305 20.1905 20.1905 20.1905 20.9435 20.9435
6.37777 7.22545 7.22545 7.22545 7.22545 -9999 -9999 -9999 -9999 -9999 -9999 5.68849 5.68849 5.68849 5.68849 6.3405 6.3405 6.3405 8.15639 8.15639 8.15639 12.3447 12.3447 12.3447 12.3447 21.4629 21.4629 21.4629 10.8396 10.8396 10.8396 8.01053 8.01053 8.01053 8.01053 6.5314 6.5314 6.5314 5.57218 5.57218 5.57218 6.28291 6.28291 6.28291 6.28291 6.49509 6.49509 6.49509 6.79396 6.79396 6.79396 7.23012 7.23012 7.23012 7.23012 12.272 12.272 12.272 13.9956 13.9956 13.9956 18.0366 18.0366 18.0366 18.0366 17.4305 17.4305 17.4305 20.1905 20.1905 20.1905 20.9435 20.9435
6.37777 7.22545 7.22545 7.22545 7.22545 -9999 -9999 -9999 -9999 -9999 -9999 5.68849 5.68849 5.68849 5.68849 6.3405 6.3405 6.3405 8.15639 8.15639 8.15639 12.3447 12.3447 12.3447 12.3447 21.4629 21.4629 21.4629 10.8396 10.8396 10.8396 8.01053 8.01053 8.01053 8.01053 6.5314 6.5314 6.5314 5.57218 5.57218 5.57218 6.28291 6.28291 6.28291 6.28291 6.49509 6.49509 6.49509 6.79396 6.79396 6.79396 7.23012 7.23012 7.23012 7.23012 12.272 12.272 12.272 13.9956 13.9956 13.9956 18.0366 18.0366 18.0366 18.0366 17.4305 17.4305 17.4305 20.1905 20.1905 20.1905 20.9435 20.9435
6.37777 7.22545 7.22545 7.22545 7.22545 -9999 -9999 -9999 -9999 -9999 -9999 5.68849 5.68849 5.68849 5.68849 6.3405 6.3405 6.3405 8.15639 8.15639 8.15639 12.3447 12.3447 12.3447 12.3447 21.4629 21.4629 21.4629 10.8396 10.8396 10.8396 8.01053 8.01053 8.01053 8.01053 6.5314 6.5314 6.5314 5.57218 5.57218 5.57218 6.28291 6.28291 6.28291 6.28291 6.49509 6.49509 6.49509 6.79396 6.79396 6.79396 7.23012 7.23012 7.23012 7.23012 12.272 12.272 12.272 13.9956 13.9956 13.9956 18.0366 18.0366 18.0366 18.0366 17.4305 17.4305 17.4305 20.1905 20.1905 20.1905 20.9435 20.9435
-9999 -9999 -9999 -9999 -9999 -9999 -9999 -9999 -9999 -9999 -9999 -9999 -9999 -9999 -9999 -9999 -9999 -9999 -9999 -9999 -9999 -9999 -9999 -9999 -9999 9.4327 9.4327 9.4327 9.59944 9.59944 9.59944 7.06999 7.06999 7.06999 7.06999 4.01484 4.01484 4.01484 -9999 -9999 -9999 -9999 -9999 -9999 -9999 -9999 -9999 -9999 7.68185 7.68185 7.68185 11.873 11.873 11.873 11.873 14.0435 14.0435 14.0435 17.5753 17.5753 17.5753 19.197 19.197 19.197 19.197 21.5046 21.5046 21.5046 10.2439 10.2439 10.2439 22.3741 22.3741
-9999 -9999 -9999 -9999 -9999 -9999 -9999 -9999 -9999 -9999 -9999 -9999 -9999 -9999 -9999 -9999 -9999 -9999 -9999 -9999 -9999 -9999 -9999 -9999 -9999 9.4327 9.4327 9.4327 9.59944 9.59944 9.59944 7.06999 7.06999 7.06999 7.06999 4.01484 4.01484 4.01484 -9999 -9999 -9999 -9999 -9999 -9999 -9999 -9999 -9999 -9999 7.68185 7.68185 7.68185 11.873 11.873 11.873 11.873 14.0435 14.0435 14.0435 17.5753 17.5753 17.5753 19.197 19.197 19.197 19.197 21.5046 21.5046 21.5046 10.2439 10.2439 10.2439 22.3741 22.3741
-9999 -9999 -9999 -9999 -9999 -9999 -9999 -9999 -9999 -9999 -9999 -9999 -9999 -9999 -9999 -9999 -9999 -9999 -9999 -9999 -9999 -9999 -9999 -9999 -9999 9.4327 9.4327 9.4327 9.59944 9.59944 9.59944 7.06999 7.06999 7.06999 7.06999 4.01484 4.01484 4.01484 -9999 -9999 -9999 -9999 -9999 -9999 -9999 -9999 -9999 -9999 7.68185 7.68185 7.68185 11.873 11.873 11.873 11.873 14.0435 14.0435 14.0435 17.5753 17.5753 17.5753 19.197 19.197 19.197 19.197 21.5046 21.5046 21.5046 10.2439 10.2439 10.2439 22.3741 22.3741
-9999 -9999 -9999 -9999 -9999 -9999 -9999 -9999 -9999 -9999 -9999 -9999 -9999 -9999 -9999 -9999 -9999 -9999 -9999 -9999 -9999 -9999 -9999 -9999 -9999 8.31324 8.31324 8.31324 7.50222 7.50222 7.50222 5.35502 5.35502 5.35502 5.35502 -9999 -9999 -9999 -9999 -9999 -9999 -9999 -9999 -9999 -9999 -9999 -9999 -9999 9.91543 9.91543 9.91543 11.1519 11.1519 11.1519 11.1519 14.8556 14.8556 14.8556 20.0994 20.0994 20.0994 24.0417 24.0417 24.0417 24.0417 24.2801 24.2801 24.2801 27.6322 27.6322 27.6322 24.7998 24.7998
-9999 -9999 -9999 -9999 -9999 -9999 -9999 -9999 -9999 -9999 -9999 -9999 -9999 -9999 -9999 -9999 -9999 -9999 -9999 -9999 -9999 -9999 -9999 -9999 -9999 8.31324 8.31324 8.31324 7.50222 7.50222 7.50222 5.35502 5.35502 5.35502 5.35502 -9999 -9999 -9999 -9999 -9999 -9999 -9999 -9999 -9999 -9999 -9999 -9999 -9999 9.91543 9.91543 9.91543 11.1519 11.1519 11.1519 11.1519 14.8556 14.8556 14.8556 20.0994 20.0994 20.0994 24.0417 24.0417 24.0417 24.0417 24.2801 24.2801 24.2801 27.6322 27.6322 27.6322 24.7998 24.7998
-9999 -9999 -9999 -9999 -9999 -9999 -9999 -9999 -9999 -9999 -9999 -9999 -9999 -9999 -9999 -9999 -9999 -9999 -9999 -9999 -9999 -9999 -9999 -9999 -9999 8.31324 8.31324 8.31324 7.50222 7.50222 7.50222 5.35502 5.35502 5.35502 5.35502 -9999 -9999 -9999 -9999 -9999 -9999 -9999 -9999 -9999 -9999 -9999 -9999 -9999 9.91543 9.91543 9.91543 11.1519 11.1519 11.1519 11.1519 14.8556 14.8556 14.8556 20.0994 20.0994 20.0994 24.0417 24.0417 24.0417 24.0417 24.2801 24.2801 24.2801 27.6322 27.6322 27.6322 24.7998 24.7998
-9999 -9999 -9999 -9999 -9999 -9999 -9999 -9999 -9999 -9999 -9999 -9999 -9999 -9999 -9999 -9999 -9999 -9999 -9999 -9999 -9999 -9999 -9999 -9999 -9999 -9999 -9999 -9999 -9999 -9999 -9999 -9999 -9999 -9999 -9999 -9999 -9999 -9999 -9999 -9999 -9999 -9999 -9999 -9999 -9999 -9999 -9999 -9999 10.4746 10.4746 10.4746 8.47742 8.47742 8.47742 8.47742 15.687 15.687 15.687 22.9824 22.9824 22.9824 24.9793 24.9793 24.9793 24.9793 24.2584 24.2584 24.2584 25.8474 25.8474 25.8474 25.2977 25.2977
-9999 -9999 -9999 -9999 -9999 -9999 -9999 -9999 -9999 -9999 -9999 -9999 -9999 -9999 -9999 -9999 -9999 -9999 -9999 -9999 -9999 -9999 -9999 -9999 -9999 -9999 -9999 -9999 -9999 -9999 -9999 -9999 -9999 -9999 -9999 -9999 -9999 -9999 -9999 -9999 -9999 -9999 -9999 -9999 -9999 -9999 -9999 -9999 10.4746 10.4746 10.4746 8.47742 8.47742 8.47742 8.47742 15.687 15.687 15.687 22.9824 22.9824 22.9824 24.9793 24.9793 24.9793 24.9793 24.2584 24.2584 24.2584 25.8474 25.8474 25.8474 25.2977 25.2977
-9999 -9999 -9999 -9999 -9999 -9999 -9999 -9999 -9999 -9999 -9999 -9999 -9999 -9999 -9999 -9999 -9999 -9999 -9999 -9999 -9999 -9999 -9999 -9999 -9999 -9999 -9999 -9999 -9999 -9999 -9999 -9999 -9999 -9999 -9999 -9999 -9999 -9999 -9999 -9999 -9999 -9999 -9999 -9999 -9999 -9999 -9999 -9999 10.4746 10.4746 10.4746 8.47742 8.47742 8.47742 8.47742 15.687 15.687 15.687 22.9824 22.9824 22.9824 24.9793 24.9793 24.9793 24.9793 24.2584 24.2584 24.2584 25.8474 25.8474 25.8474 25.2977 25.2977
