data-raw/Spatial_Layers/bbsoven.txt
ncols         723
nrows         253
xllcorner     -125.09693410456
yllcorner     32.063231298521
cellsize      0.1
NODATA_value  -9999
[rows 128 to 159 of 253, columns 438 to 510 of 723]
-9999 -9999 5.67409 5.67409 5.67409 6.18623 6.18623 6.18623 -9999 -9999 -9999 -9999 -9999 -9999 -9999 10.8733 10.8733 10.8733 9.75698 9.75698 9.75698 9.75698 10.2752 10.2752 10.2752 13.1486 13.1486 13.1486 12.8768 12.8768 12.8768 12.8768 15.2763 15.2763 15.2763 18.861 18.861 18.861 12.7443 12.7443 12.7443 12.7443 8.41399 8.41399 8.41399 8.63793 8.63793 8.63793 7.78271 7.78271 7.78271 7.78271 9.24981 9.24981 9.24981 9.01252 9.01252 9.01252 13.4269 13.4269 13.4269 13.4269 17.0916 17.0916 17.0916 15.1368 15.1368 15.1368 18.4531 18.4531 18.4531 20.148 20.148
-9999 -9999 5.67409 5.67409 5.67409 6.18623 6.18623 6.18623 -9999 -9999 -9999 -9999 -9999 -9999 -9999 10.8733 10.8733 10.8733 9.75698 9.75698 9.75698 9.75698 10.2752 10.2752 10.2752 13.1486 13.1486 13.1486 12.8768 12.8768 12.8768 12.8768 15.2763 15.2763 15.2763 18.861 18.861 18.861 12.7443 12.7443 12.7443 12.7443 8.41399 8.41399 8.41399 8.63793 8.63793 8.63793 7.78271 7.78271 7.78271 7.78271 9.24981 9.24981 9.24981 9.01252 9.01252 9.01252 13.4269 13.4269 13.4269 13.4269 17.0916 17.0916 17.0916 15.1368 15.1368 15.1368 18.4531 18.4531 18.4531 20.148 20.148
4.49113 4.49113 4.98807 4.98807 4.98807 4.33153 4.33153 4.33153 3.47896 3.47896 3.47896 3.47896 5.44988 5.44988 5.44988 4.8857 4.8857 4.8857 4.7853 4.7853 4.7853 4.7853 7.3059 7.3059 7.3059 8.72514 8.72514 8.72514 11.0422 11.0422 11.0422 11.0422 13.6328 13.6328 13.6328 11.6161 11.6161 11.6161 9.83681 9.83681 9.83681 9.83681 8.53004 8.53004 8.53004 -9999 -9999 -9999 -9999 -9999 -9999 -9999 11.2673 11.2673 11.2673 13.0903 13.0903 13.0903 10.0384 10.0384 10.0384 10.0384 18.8896 18.8896 18.8896 16.3184 16.3184 16.3184 15.5797 15.5797 15.5797 17.5882 17.5882
4.49113 4.49113 4.98807 4.98807 4.98807 4.33153 4.33153 4.33153 3.47896 3.47896 3.47896 3.47896 5.44988 5.44988 5.44988 4.8857 4.8857 4.8857 4.7853 4.7853 4.7853 4.7853 7.3059 7.3059 7.3059 8.72514 8.72514 8.72514 11.0422 11.0422 11.0422 11.0422 13.6328 13.6328 13.6328 11.6161 11.6161 11.6161 9.83681 9.83681 9.83681 9.83681 8.53004 8.53004 8.53004 -9999 -9999 -9999 -9999 -9999 -9999 -9999 11.2673 11.2673 11.2673 13.0903 13.0903 13.0903 10.0384 10.0384 10.0384 10.0384 18.8896 18.8896 18.8896 16.3184 16.3184 16.3184 15.5797 15.5797 15.5797 17.5882 17.5882
4.49113 4.49113 4.98807 4.98807 4.98807 4.33153 4.33153 4.33153 3.47896 3.47896 3.47896 3.47896 5.44988 5.44988 5.44988 4.8857 4.8857 4.8857 4.7853 4.7853 4.7853 4.7853 7.3059 7.3059 7.3059 8.72514 8.72514 8.72514 11.0422 11.0422 11.0422 11.0422 13.6328 13.6328 13.6328 11.6161 11.6161 11.6161 9.83681 9.83681 9.83681 9.83681 8.53004 8.53004 8.53004 -9999 -9999 -9999 -9999 -9999 -9999 -9999 11.2673 11.2673 11.2673 13.0903 13.0903 13.0903 10.0384 10.0384 10.0384 10.0384 18.8896 18.8896 18.8896 16.3184 16.3184 16.3184 15.5797 15.5797 15.5797 17.5882 17.5882
3.33402 3.33402 4.57525 4.57525 4.57525 3.2796 3.2796 3.2796 3.17113 3.17113 3.17113 3.17113 3.05256 3.05256 3.05256 2.91005 2.91005 2.91005 3.2339 3.2339 3.2339 3.2339 4.2116 4.2116 4.2116 -9999 -9999 -9999 -9999 -9999 -9999 -9999 -9999 -9999 -9999 -9999 -9999 -9999 -9999 -9999 -9999 -9999 -9999 -9999 -9999 -9999 -9999 -9999 -9999 -9999 -9999 -9999 7.42445 7.42445 7.42445 13.2281 13.2281 13.2281 14.668 14.668 14.668 14.668 15.2049 15.2049 15.2049 16.7093 16.7093 16.7093 19.2824 19.2824 19.2824 18.5569 18.5569
3.33402 3.33402 4.57525 4.57525 4.57525 3.2796 3.2796 3.2796 3.17113 3.17113 3.17113 3.17113 3.05256 3.05256 3.05256 2.91005 2.91005 2.91005 3.2339 3.2339 3.2339 3.2339 4.2116 4.2116 4.2116 -9999 -9999 -9999 -9999 -9999 -9999 -9999 -9999 -9999 -9999 -9999 -9999 -9999 -9999 -9999 -9999 -9999 -9999 -9999 -9999 -9999 -9999 -9999 -9999 -9999 -9999 -9999 7.42445 7.42445 7.42445 13.2281 13.2281 13.2281 14.668 14.668 14.668 14.668 15.2049 15.2049 15.2049 16.7093 16.7093 16.7093 19.2824 19.2824 19.2824 18.5569 18.5569
3.33402 3.33402 4.57525 4.57525 4.57525 3.2796 3.2796 3.2796 3.17113 3.17113 3.17113 3.17113 3.05256 3.05256 3.05256 2.91005 2.91005 2.91005 3.2339 3.2339 3.2339 3.2339 4.2116 4.2116 4.2116 -9999 -9999 -9999 -9999 -9999 -9999 -9999 -9999 -9999 -9999 -9999 -9999 -9999 -9999 -9999 -9999 -9999 -9999 -9999 -9999 -9999 -9999 -9999 -9999 -9999 -9999 -9999 7.42445 7.42445 7.42445 13.2281 13.2281 13.2281 14.668 14.668 14.668 14.668 15.2049 15.2049 15.2049 16.7093 16.7093 16.7093 19.2824 19.2824 19.2824 18.5569 18.5569
3.33402 3.33402 4.57525 4.57525 4.57525 3.2796 3.2796 3.2796 3.17113 3.17113 3.17113 3.17113 3.05256 3.05256 3.05256 2.91005 2.91005 2.91005 3.2339 3.2339 3.2339 3.2339 4.2116 4.2116 4.2116 -9999 -9999 -9999 -9999 -9999 -9999 -9999 -9999 -9999 -9999 -9999 -9999 -9999 -9999 -9999 -9999 -9999 -9999 -9999 -9999 -9999 -9999 -9999 -9999 -9999 -9999 -9999 7.42445 7.42445 7.42445 13.2281 13.2281 13.2281 14.668 14.668 14.668 14.668 15.2049 15.2049 15.2049 16.7093 16.7093 16.7093 19.2824 19.2824 19.2824 18.5569 18.5569
2.21903 2.21903 2.23686 2.23686 2.23686 2.72882 2.72882 2.72882 2.03345 2.03345 2.03345 2.03345 2.45383 2.45383 2.45383 1.74536 1.74536 1.74536 -9999 -9999 -9999 -9999 -9999 -9999 -9999 -9999 -9999 -9999 -9999 -9999 -9999 -9999 -9999 -9999 -9999 -9999 -9999 -9999 -9999 -9999 -9999 -9999 -9999 -9999 -9999 -9999 -9999 -9999 -9999 -9999 -9999 -9999 13.2925 13.2925 13.2925 12.9668 12.9668 12.9668 13.3902 13.3902 13.3902 13.3902 16.3165 16.3165 16.3165 16.4845 16.4845 16.4845 17.766 17.766 17.766 19.993 19.993
2.21903 2.21903 2.23686 2.23686 2.23686 2.72882 2.72882 2.72882 2.03345 2.03345 2.03345 2.03345 2.45383 2.45383 2.45383 1.74536 1.74536 1.74536 -9999 -9999 -9999 -9999 -9999 -9999 -9999 -9999 -9999 -9999 -9999 -9999 -9999 -9999 -9999 -9999 -9999 -9999 -9999 -9999 -9999 -9999 -9999 -9999 -9999 -9999 -9999 -9999 -9999 -9999 -9999 -9999 -9999 -9999 13.2925 13.2925 13.2925 12.9668 12.9668 12.9668 13.3902 13.3902 13.3902 13.3902 16.3165 16.3165 16.3165 16.4845 16.4845 16.4845 17.766 17.766 17.766 19.993 19.993
2.21903 2.21903 2.23686 2.23686 2.23686 2.72882 2.72882 2.72882 2.03345 2.03345 2.03345 2.03345 2.45383 2.45383 2.45383 1.74536 1.74536 1.74536 -9999 -9999 -9999 -9999 -9999 -9999 -9999 -9999 -9999 -9999 -9999 -9999 -9999 -9999 -9999 -9999 -9999 -9999 -9999 -9999 -9999 -9999 -9999 -9999 -9999 -9999 -9999 -9999 -9999 -9999 -9999 -9999 -9999 -9999 13.2925 13.2925 13.2925 12.9668 12.9668 12.9668 13.3902 13.3902 13.3902 13.3902 16.3165 16.3165 16.3165 16.4845 16.4845 16.4845 17.766 17.766 17.766 19.993 19.993
1.82313 1.82313 1.54661 1.54661 1.54661 1.84219 1.84219 1.84219 1.10873 1.10873 1.10873 1.10873 1.31483 1.31483 1.31483 0.879441 0.879441 0.879441 -9999 -9999 -9999 -9999 -9999 -9999 -9999 0.819962 0.819962 0.819962 1.91762 1.91762 1.91762 1.91762 2.33088 2.33088 2.33088 2.07475 2.07475 2.07475 -9999 -9999 -9999 -9999 -9999 -9999 -9999 3.73305 3.73305 3.73305 6.47448 6.47448 6.47448 6.47448 11.1931 11.1931 11.1931 12.5837 12.5837 12.5837 9.72223 9.72223 9.72223 9.72223 13.4751 13.4751 13.4751 14.1193 14.1193 14.1193 13.8234 13.8234 13.8234 14.2544 14.2544
1.82313 1.82313 1.54661 1.54661 1.54661 1.84219 1.84219 1.84219 1.10873 1.10873 1.10873 1.10873 1.31483 1.31483 1.31483 0.879441 0.879441 0.879441 -9999 -9999 -9999 -9999 -9999 -9999 -9999 0.819962 0.819962 0.819962 1.91762 1.91762 1.91762 1.91762 2.33088 2.33088 2.33088 2.07475 2.07475 2.07475 -9999 -9999 -9999 -9999 -9999 -9999 -9999 3.73305 3.73305 3.73305 6.47448 6.47448 6.47448 6.47448 11.1931 11.1931 11.1931 12.5837 12.5837 12.5837 9.72223 9.72223 9.72223 9.72223 13.4751 13.4751 13.4751 14.1193 14.1193 14.1193 13.8234 13.8234 13.8234 14.2544 14.2544
1.82313 1.82313 1.54661 1.54661 1.54661 1.84219 1.84219 1.84219 1.10873 1.10873 1.10873 1.10873 1.31483 1.31483 1.31483 0.879441 0.879441 0.879441 -9999 -9999 -9999 -9999 -9999 -9999 -9999 0.819962 0.819962 0.819962 1.91762 1.91762 1.91762 1.91762 2.33088 2.33088 2.33088 2.07475 2.07475 2.07475 -9999 -9999 -9999 -9999 -9999 -9999 -9999 3.73305 3.73305 3.73305 6.47448 6.47448 6.47448 6.47448 11.1931 11.1931 11.1931 12.5837 12.5837 12.5837 9.72223 9.72223 9.72223 9.72223 13.4751 13.4751 13.4751 14.1193 14.1193 14.1193 13.8234 13.8234 13.8234 14.2544 14.2544
0.272128 0.272128 0.67735 0.67735 0.67735 0.764608 0.764608 0.764608 1.04536 1.04536 1.04536 1.04536 1.00752 1.00752 1.00752 -9999 -9999 -9999 -9999 -9999 -9999 -9999 -9999 -9999 -9999 1.70901 1.70901 1.70901 1.67669 1.67669 1.67669 1.67669 2.13924 2.13924 2.13924 1.74123 1.74123 1.74123 2.4717 2.4717 2.4717 2.4717 1.97123 1.97123 1.97123 2.51846 2.51846 2.51846 5.95622 5.95622 5.95622 5.95622 10.8542 10.8542 10.8542 11.9065 11.9065 11.9065 12.5226 12.5226 12.5226 12.5226 12.803 12.803 12.803 13.8437 13.8437 13.8437 12.178 12.178 12.178 12.1274 12.1274
0.272128 0.272128 0.67735 0.67735 0.67735 0.764608 0.764608 0.764608 1.04536 1.04536 1.04536 1.04536 1.00752 1.00752 1.00752 -9999 -9999 -9999 -9999 -9999 -9999 -9999 -9999 -9999 -9999 1.70901 1.70901 1.70901 1.67669 1.67669 1.67669 1.67669 2.13924 2.13924 2.13924 1.74123 1.74123 1.74123 2.4717 2.4717 2.4717 2.4717 1.97123 1.97123 1.97123 2.51846 2.51846 2.51846 5.95622 5.95622 5.95622 5.95622 10.8542 10.8542 10.8542 11.9065 11.9065 11.9065 12.5226 12.5226 12.5226 12.5226 12.803 12.803 12.803 13.8437 13.8437 13.8437 12.178 12.178 12.178 12.1274 12.1274
0.272128 0.272128 0.67735 0.67735 0.67735 0.764608 0.764608 0.764608 1.04536 1.04536 1.04536 1.04536 1.00752 1.00752 1.00752 -9999 -9999 -9999 -9999 -9999 -9999 -9999 -9999 -9999 -9999 1.70901 1.70901 1.70901 1.67669 1.67669 1.67669 1.67669 2.13924 2.13924 2.13924 1.74123 1.74123 1.74123 2.4717 2.4717 2.4717 2.4717 1.97123 1.97123 1.97123 2.51846 2.51846 2.51846 5.95622 5.95622 5.95622 5.95622 10.8542 10.8542 10.8542 11.9065 11.9065 11.9065 12.5226 12.5226 12.5226 12.5226 12.803 12.803 12.803 13.8437 13.8437 13.8437 12.178 12.178 12.178 12.1274 12.1274
0.272128 0.272128 0.67735 0.67735 0.67735 0.764608 0.764608 0.764608 1.04536 1.04536 1.04536 1.04536 1.00752 1.00752 1.00752 -9999 -9999 -9999 -9999 -9999 -9999 -9999 -9999 -9999 -9999 1.70901 1.70901 1.70901 1.67669 1.67669 1.67669 1.67669 2.13924 2.13924 2.13924 1.74123 1.74123 1.74123 2.4717 2.4717 2.4717 2.4717 1.97123 1.97123 1.97123 2.51846 2.51846 2.51846 5.95622 5.95622 5.95622 5.95622 10.8542 10.8542 10.8542 11.9065 11.9065 11.9065 12.5226 12.5226 12.5226 12.5226 12.803 12.803 12.803 13.8437 13.8437 13.8437 12.178 12.178 12.178 12.1274 12.1274
-9999 -9999 -9999 -9999 -9999 -9999 -9999 -9999 -9999 -9999 -9999 -9999 -9999 -9999 -9999 -9999 -9999 -9999 -9999 -9999 -9999 -9999 2.50523 2.50523 2.50523 2.78842 2.78842 2.78842 5.17778 5.17778 5.17778 5.17778 7.68879 7.68879 7.68879 4.47997 4.47997 4.47997 4.48101 4.48101 4.48101 4.48101 6.23517 6.23517 6.23517 6.97349 6.97349 6.97349 9.76696 9.76696 9.76696 9.76696 11.6463 11.6463 11.6463 16.2476 16.2476 16.2476 15.1181 15.1181 15.1181 15.1181 15.3515 15.3515 15.3515 12.3317 12.3317 12.3317 14.3794 14.3794 14.3794 12.9057 12.9057
-9999 -9999 -9999 -9999 -9999 -9999 -9999 -9999 -9999 -9999 -9999 -9999 -9999 -9999 -9999 -9999 -9999 -9999 -9999 -9999 -9999 -9999 2.50523 2.50523 2.50523 2.78842 2.78842 2.78842 5.17778 5.17778 5.17778 5.17778 7.68879 7.68879 7.68879 4.47997 4.47997 4.47997 4.48101 4.48101 4.48101 4.48101 6.23517 6.23517 6.23517 6.97349 6.97349 6.97349 9.76696 9.76696 9.76696 9.76696 11.6463 11.6463 11.6463 16.2476 16.2476 16.2476 15.1181 15.1181 15.1181 15.1181 15.3515 15.3515 15.3515 12.3317 12.3317 12.3317 14.3794 14.3794 14.3794 12.9057 12.9057
-9999 -9999 -9999 -9999 -9999 -9999 -9999 -9999 -9999 -9999 -9999 -9999 -9999 -9999 -9999 -9999 -9999 -9999 -9999 -9999 -9999 -9999 2.50523 2.50523 2.50523 2.78842 2.78842 2.78842 5.17778 5.17778 5.17778 5.17778 7.68879 7.68879 7.68879 4.47997 4.47997 4.47997 4.48101 4.48101 4.48101 4.48101 6.23517 6.23517 6.23517 6.97349 6.97349 6.97349 9.76696 9.76696 9.76696 9.76696 11.6463 11.6463 11.6463 16.2476 16.2476 16.2476 15.1181 15.1181 15.1181 15.1181 15.3515 15.3515 15.3515 12.3317 12.3317 12.3317 14.3794 14.3794 14.3794 12.9057 12.9057
-9999 -9999 -9999 -9999 -9999 -9999 -9999 -9999 -9999 -9999 -9999 -9999 -9999 -9999 -9999 4.23451 4.23451 4.23451 5.61043 5.61043 5.61043 5.61043 6.42245 6.42245 6.42245 9.03459 9.03459 9.03459 10.5347 10.5347 10.5347 10.5347 10.6062 10.6062 10.6062 11.9925 11.9925 11.9925 13.632 13.632 13.632 13.632 10.2805 10.2805 10.2805 11.5714 11.5714 11.5714 14.6723 14.6723 14.6723 14.6723 14.6478 14.6478 14.6478 17.16 17.16 17.16 16.201 16.201 16.201 16.201 15.6559 15.6559 15.6559 12.6448 12.6448 12.6448 14.4276 14.4276 14.4276 13.7178 13.7178
-9999 -9999 -9999 -9999 -9999 -9999 -9999 -9999 -9999 -9999 -9999 -9999 -9999 -9999 -9999 4.23451 4.23451 4.23451 5.61043 5.61043 5.61043 5.61043 6.42245 6.42245 6.42245 9.03459 9.03459 9.03459 10.5347 10.5347 10.5347 10.5347 10.6062 10.6062 10.6062 11.9925 11.9925 11.9925 13.632 13.632 13.632 13.632 10.2805 10.2805 10.2805 11.5714 11.5714 11.5714 14.6723 14.6723 14.6723 14.6723 14.6478 14.6478 14.6478 17.16 17.16 17.16 16.201 16.201 16.201 16.201 15.6559 15.6559 15.6559 12.6448 12.6448 12.6448 14.4276 14.4276 14.4276 13.7178 13.7178
-9999 -9999 -9999 -9999 -9999 -9999 -9999 -9999 -9999 -9999 -9999 -9999 -9999 -9999 -9999 4.23451 4.23451 4.23451 5.61043 5.61043 5.61043 5.61043 6.42245 6.42245 6.42245 9.03459 9.03459 9.03459 10.5347 10.5347 10.5347 10.5347 10.6062 10.6062 10.6062 11.9925 11.9925 11.9925 13.632 13.632 13.632 13.632 10.2805 10.2805 10.2805 11.5714 11.5714 11.5714 14.6723 14.6723 14.6723 14.6723 14.6478 14.6478 14.6478 17.16 17.16 17.16 16.201 16.201 16.201 16.201 15.6559 15.6559 15.6559 12.6448 12.6448 12.6448 14.4276 14.4276 14.4276 13.7178 13.7178
-9999 -9999 -9999 -9999 -9999 1.53984 1.53984 1.53984 2.36658 2.36658 2.36658 2.36658 3.62744 3.62744 3.62744 6.94064 6.94064 6.94064 4.48305 4.48305 4.48305 4.48305 9.67099 9.67099 9.67099 13.41 13.41 13.41 15.8399 15.8399 15.8399 15.8399 18.3102 18.3102 18.3102 20.3121 20.3121 20.3121 16.9348 16.9348 16.9348 16.9348 16.2505 16.2505 16.2505 16.8339 16.8339 16.8339 15.1894 15.1894 15.1894 15.1894 19.5111 19.5111 19.5111 17.9744 17.9744 17.9744 16.0404 16.0404 16.0404 16.0404 14.2057 14.2057 14.2057 11.6397 11.6397 11.6397 10.5121 10.5121 10.5121 7.60541 7.60541
-9999 -9999 -9999 -9999 -9999 1.53984 1.53984 1.53984 2.36658 2.36658 2.36658 2.36658 3.62744 3.62744 3.62744 6.94064 6.94064 6.94064 4.48305 4.48305 4.48305 4.48305 9.67099 9.67099 9.67099 13.41 13.41 13.41 15.8399 15.8399 15.8399 15.8399 18.3102 18.3102 18.3102 20.3121 20.3121 20.3121 16.9348 16.9348 16.9348 16.9348 16.2505 16.2505 16.2505 16.8339 16.8339 16.8339 15.1894 15.1894 15.1894 15.1894 19.5111 19.5111 19.5111 17.9744 17.9744 17.9744 16.0404 16.0404 16.0404 16.0404 14.2057 14.2057 14.2057 11.6397 11.6397 11.6397 10.5121 10.5121 10.5121 7.60541 7.60541
-9999 -9999 -9999 -9999 -9999 1.53984 1.53984 1.53984 2.36658 2.36658 2.36658 2.36658 3.62744 3.62744 3.62744 6.94064 6.94064 6.94064 4.48305 4.48305 4.48305 4.48305 9.67099 9.67099 9.67099 13.41 13.41 13.41 15.8399 15.8399 15.8399 15.8399 18.3102 18.3102 18.3102 20.3121 20.3121 20.3121 16.9348 16.9348 16.9348 16.9348 16.2505 16.2505 16.2505 16.8339 16.8339 16.8339 15.1894 15.1894 15.1894 15.1894 19.5111 19.5111 19.5111 17.9744 17.9744 17.9744 16.0404 16.0404 16.0404 16.0404 14.2057 14.2057 14.2057 11.6397 11.6397 11.6397 10.5121 10.5121 10.5121 7.60541 7.60541
-9999 -9999 -9999 -9999 -9999 1.53984 1.53984 1.53984 2.36658 2.36658 2.36658 2.36658 3.62744 3.62744 3.62744 6.94064 6.94064 6.94064 4.48305 4.48305 4.48305 4.48305 9.67099 9.67099 9.67099 13.41 13.41 13.41 15.8399 15.8399 15.8399 15.8399 18.3102 18.3102 18.3102 20.3121 20.3121 20.3121 16.9348 16.9348 16.9348 16.9348 16.2505 16.2505 16.2505 16.8339 16.8339 16.8339 15.1894 15.1894 15.1894 15.1894 19.5111 19.5111 19.5111 17.9744 17.9744 17.9744 16.0404 16.0404 16.0404 16.0404 14.2057 14.2057 14.2057 11.6397 11.6397 11.6397 10.5121 10.5121 10.5121 7.60541 7.60541
0.260594 0.260594 0.700331 0.700331 0.700331 1.1156 1.1156 1.1156 3.45495 3.45495 3.45495 3.45495 5.15051 5.15051 5.15051 7.11794 7.11794 7.11794 8.96901 8.96901 8.96901 8.96901 17.1347 17.1347 17.1347 18.0214 18.0214 18.0214 19.8938 19.8938 19.8938 19.8938 24.2397 24.2397 24.2397 24.6896 24.6896 24.6896 20.6047 20.6047 20.6047 20.6047 20.3135 20.3135 20.3135 19.4457 19.4457 19.4457 18.6427 18.6427 18.6427 18.6427 17.0336 17.0336 17.0336 16.3614 16.3614 16.3614 14.1387 14.1387 14.1387 14.1387 11.5896 11.5896 11.5896 6.15518 6.15518 6.15518 5.7186 5.7186 5.7186 5.99948 5.99948
0.260594 0.260594 0.700331 0.700331 0.700331 1.1156 1.1156 1.1156 3.45495 3.45495 3.45495 3.45495 5.15051 5.15051 5.15051 7.11794 7.11794 7.11794 8.96901 8.96901 8.96901 8.96901 17.1347 17.1347 17.1347 18.0214 18.0214 18.0214 19.8938 19.8938 19.8938 19.8938 24.2397 24.2397 24.2397 24.6896 24.6896 24.6896 20.6047 20.6047 20.6047 20.6047 20.3135 20.3135 20.3135 19.4457 19.4457 19.4457 18.6427 18.6427 18.6427 18.6427 17.0336 17.0336 17.0336 16.3614 16.3614 16.3614 14.1387 14.1387 14.1387 14.1387 11.5896 11.5896 11.5896 6.15518 6.15518 6.15518 5.7186 5.7186 5.7186 5.99948 5.99948
0.260594 0.260594 0.700331 0.700331 0.700331 1.1156 1.1156 1.1156 3.45495 3.45495 3.45495 3.45495 5.15051 5.15051 5.15051 7.11794 7.11794 7.11794 8.96901 8.96901 8.96901 8.96901 17.1347 17.1347 17.1347 18.0214 18.0214 18.0214 19.8938 19.8938 19.8938 19.8938 24.2397 24.2397 24.2397 24.6896 24.6896 24.6896 20.6047 20.6047 20.6047 20.6047 20.3135 20.3135 20.3135 19.4457 19.4457 19.4457 18.6427 18.6427 18.6427 18.6427 17.0336 17.0336 17.0336 16.3614 16.3614 16.3614 14.1387 14.1387 14.1387 14.1387 11.5896 11.5896 11.5896 6.15518 6.15518 6.15518 5.7186 5.7186 5.7186 5.99948 5.99948
