structure(1:36, .Label = c("1911_67944", "2321_91906", "2391_30624", 
"2391_68130", "2391_68304", "2391_68312", "2391_68314", "2391_68517", 
"2391_68559", "2391_68586", "2391_68592", "2391_68594", "2391_68630", 
"2391_68631", "2391_68814", "2391_69002", "2391_69037", "2391_69058", 
"2391_69062", "2391_69068", "2391_69070", "2391_69076", "2391_69091", 
"2391_69095", "2391_69133", "2391_69164", "2391_69169", "2391_69177", 
"2391_69181", "2401_30555", "2401_30605", "2401_30612", "2401_30621", 
"2401_30652", "2401_30655", "2401_30660"), class = "factor")
