structure(list(BirdId = structure(c(1L, 1L, 1L, 1L, 1L, 1L, 1L, 
1L, 1L, 1L, 1L, 1L, 1L, 1L, 1L, 1L, 1L, 1L, 1L, 1L, 1L, 1L, 1L, 
1L, 1L, 1L, 1L, 1L, 1L, 1L, 1L, 1L, 1L, 1L, 1L, 1L, 1L, 1L, 1L, 
1L, 1L, 1L, 1L, 1L, 1L, 1L, 1L, 1L, 1L, 1L, 1L, 1L, 1L, 1L, 1L, 
1L, 1L, 1L, 1L, 1L, 1L, 1L, 1L, 1L, 1L, 1L, 1L, 1L, 1L, 1L, 1L, 
1L, 1L, 1L, 1L, 1L, 1L, 1L, 1L, 1L, 1L, 1L, 1L, 1L, 1L, 1L, 1L, 
1L, 1L, 1L, 1L, 1L, 1L, 1L, 1L, 1L, 1L, 1L, 1L, 1L, 1L, 1L, 1L, 
1L, 1L, 1L, 1L, 1L, 1L, 1L, 1L, 1L, 1L, 1L, 1L, 1L, 1L, 1L, 1L, 
1L, 1L, 1L, 1L, 1L, 1L, 1L, 1L, 1L, 1L, 1L, 1L, 1L, 1L, 1L, 1L, 
1L, 1L, 1L, 1L, 1L, 1L, 1L, 1L, 1L, 1L, 1L, 1L, 1L, 1L, 1L, 1L, 
1L, 1L, 1L, 1L, 1L, 1L, 1L, 1L, 1L, 1L, 1L, 1L, 1L, 1L, 1L, 1L, 
1L, 1L, 1L, 1L, 1L, 1L, 1L, 1L, 1L, 1L, 1L, 1L, 1L, 1L, 1L, 1L, 
1L, 1L, 1L, 1L, 1L, 1L, 1L, 1L, 1L, 1L, 1L, 1L, 1L, 1L, 1L, 1L, 
1L, 1L, 1L, 1L, 1L, 1L, 1L, 1L, 1L, 1L), .Label = "2391_69062", class = "factor"), 
    CaptureLocation = structure(c(1L, 1L, 1L, 1L, 1L, 1L, 1L, 
    1L, 1L, 1L, 1L, 1L, 1L, 1L, 1L, 1L, 1L, 1L, 1L, 1L, 1L, 1L, 
    1L, 1L, 1L, 1L, 1L, 1L, 1L, 1L, 1L, 1L, 1L, 1L, 1L, 1L, 1L, 
    1L, 1L, 1L, 1L, 1L, 1L, 1L, 1L, 1L, 1L, 1L, 1L, 1L, 1L, 1L, 
    1L, 1L, 1L, 1L, 1L, 1L, 1L, 1L, 1L, 1L, 1L, 1L, 1L, 1L, 1L, 
    1L, 1L, 1L, 1L, 1L, 1L, 1L, 1L, 1L, 1L, 1L, 1L, 1L, 1L, 1L, 
    1L, 1L, 1L, 1L, 1L, 1L, 1L, 1L, 1L, 1L, 1L, 1L, 1L, 1L, 1L, 
    1L, 1L, 1L, 1L, 1L, 1L, 1L, 1L, 1L, 1L, 1L, 1L, 1L, 1L, 1L, 
    1L, 1L, 1L, 1L, 1L, 1L, 1L, 1L, 1L, 1L, 1L, 1L, 1L, 1L, 1L, 
    1L, 1L, 1L, 1L, 1L, 1L, 1L, 1L, 1L, 1L, 1L, 1L, 1L, 1L, 1L, 
    1L, 1L, 1L, 1L, 1L, 1L, 1L, 1L, 1L, 1L, 1L, 1L, 1L, 1L, 1L, 
    1L, 1L, 1L, 1L, 1L, 1L, 1L, 1L, 1L, 1L, 1L, 1L, 1L, 1L, 1L, 
    1L, 1L, 1L, 1L, 1L, 1L, 1L, 1L, 1L, 1L, 1L, 1L, 1L, 1L, 1L, 
    1L, 1L, 1L, 1L, 1L, 1L, 1L, 1L, 1L, 1L, 1L, 1L, 1L, 1L, 1L, 
    1L, 1L, 1L, 1L, 1L, 1L, 1L), .Label = "Jamaica", class = "factor"), 
    Date = structure(c(1300752000, 1300838400, 1301011200, 1301961600, 
    1302048000, 1302048000, 1302134400, 1302134400, 1302220800, 
    1302220800, 1302307200, 1302307200, 1302393600, 1302393600, 
    1302480000, 1302480000, 1302566400, 1302566400, 1302652800, 
    1302652800, 1302739200, 1302739200, 1302825600, 1302825600, 
    1302912000, 1302912000, 1302998400, 1302998400, 1303084800, 
    1303084800, 1303171200, 1303171200, 1303257600, 1303257600, 
    1303344000, 1303344000, 1303430400, 1303430400, 1303516800, 
    1303516800, 1303603200, 1303603200, 1303689600, 1303689600, 
    1303776000, 1303776000, 1303862400, 1303862400, 1303948800, 
    1303948800, 1304035200, 1304035200, 1304121600, 1304121600, 
    1320105600, 1320105600, 1320192000, 1320192000, 1320278400, 
    1320278400, 1320364800, 1320364800, 1320451200, 1320451200, 
    1320537600, 1320537600, 1320624000, 1320624000, 1320710400, 
    1320710400, 1320796800, 1320796800, 1320883200, 1320883200, 
    1320969600, 1320969600, 1321056000, 1321056000, 1321142400, 
    1321142400, 1321228800, 1321228800, 1321315200, 1321315200, 
    1321401600, 1321401600, 1321488000, 1321488000, 1321574400, 
    1321574400, 1321660800, 1321660800, 1321747200, 1321747200, 
    1321833600, 1321833600, 1321920000, 1321920000, 1322006400, 
    1322006400, 1322092800, 1322092800, 1322179200, 1322179200, 
    1322265600, 1322265600, 1322352000, 1322352000, 1322438400, 
    1322438400, 1322524800, 1322524800, 1322611200, 1322611200, 
    1322697600, 1322697600, 1322784000, 1322784000, 1322870400, 
    1322870400, 1322956800, 1322956800, 1323043200, 1323043200, 
    1323129600, 1323129600, 1323216000, 1323216000, 1323302400, 
    1323302400, 1323388800, 1323388800, 1323475200, 1323475200, 
    1323561600, 1323561600, 1323648000, 1323648000, 1323734400, 
    1323734400, 1323820800, 1323820800, 1323907200, 1323907200, 
    1323993600, 1323993600, 1324080000, 1324080000, 1324166400, 
    1324166400, 1324252800, 1324252800, 1324339200, 1324339200, 
    1324425600, 1324425600, 1324512000, 1324512000, 1324598400, 
    1324598400, 1324684800, 1324684800, 1324771200, 1324771200, 
    1324857600, 1324857600, 1324944000, 1324944000, 1325030400, 
    1325030400, 1325116800, 1325116800, 1325203200, 1325203200, 
    1325289600, 1325289600, 1325376000, 1325376000, 1325462400, 
    1325462400, 1325548800, 1325548800, 1325635200, 1325635200, 
    1325721600, 1325721600, 1325808000, 1325808000, 1325894400, 
    1325894400, 1325980800, 1325980800, 1326067200, 1326067200, 
    1326153600, 1326153600, 1326240000, 1326240000, 1326326400, 
    1326326400, 1326412800, 1326412800, 1326499200, 1326499200, 
    1326585600, 1326585600, 1326672000, 1326672000, 1326758400
    ), class = c("POSIXct", "POSIXt"), tzone = "GMT"), Longitude = c(-144.41, 
    -158.61, -110.84, -119.32, -77.1, -78.13, -77.92, -77.7, 
    -77.24, -76.15, -76.06, -77.47, -77.38, -77.53, -77.32, -77.1, 
    -77.13, -76.54, -76.57, -76.73, -76.39, -75.54, -75.7, -76.35, 
    -76.51, -76.79, -76.69, -77.35, -77.12, -76.78, -76.56, -76.96, 
    -77.11, -77.51, -77.16, -76.81, -77.21, -77.36, -77.14, -77.53, 
    -77.43, -77.96, -77.98, -77.75, -77.02, -77.29, -77.81, -77.71, 
    -77.72, -77.74, -77.64, -77.65, -77.67, -77.81, -76.72, -77.1, 
    -77.47, -77.35, -77.48, -77.48, -77.48, -77.73, -78.1, -77.97, 
    -78.09, -77.96, -77.08, -76.95, -77.57, -76.93, -77.05, -77.79, 
    -77.65, -77.39, -78, -77.37, -77.1, -77.71, -78.2, -78.8, 
    -78.28, -77.77, -77.37, -77.1, -77.7, -78.06, -77.66, -77.63, 
    -77.73, -77.96, -78.18, -77.28, -77.13, -77.85, -78.07, -77.66, 
    -77.88, -77.85, -77.81, -78.28, -78.49, -77.83, -77.79, -77.51, 
    -77.59, -77.93, -77.77, -78.1, -78.06, -78.14, -78.22, -78.18, 
    -77.89, -77.84, -78.29, -77.75, -78.08, -78.53, -78.11, -77.56, 
    -76.88, -76.08, -77.16, -77.6, -76.68, -76.38, -76.32, -76.39, 
    -77.34, -77.66, -77.48, -76.8, -76.87, -77.06, -76.88, -76.57, 
    -76.76, -76.96, -77.02, -76.96, -77.03, -77.6, -77.54, -76.98, 
    -77.29, -77.6, -77.42, -77.86, -78.3, -77.86, -77.3, -77.36, 
    -77.55, -78.49, -78.3, -77.74, -77.8, -77.61, -77.55, -77.74, 
    -77.55, -77.62, -77.8, -77.74, -77.55, -77.37, -77.31, -77.12, 
    -76.68, -77.12, -77.81, -77.62, -77.19, -77.38, -77.44, -77.38, 
    -77.32, -77.51, -77.96, -77.9, -77.34, -77.28, -77.6, -77.92, 
    -78.11, -78.05, -78, -77.94, -77.51, -76.83, -77.16, -76.48, 
    -76.05, -77.12, -77.07, -76.77, -77.72, -78.17, -77.5, -77.7, 
    -77.52, -77.48, -76.93, -76.76, -77.46, -78.54, -78.37, -77.58, 
    -77.54),