structure(list(BirdId = structure(c(1L, 1L, 1L, 1L, 1L, 1L, 1L, 
1L, 1L, 1L, 1L, 1L, 1L, 1L, 1L, 1L, 1L, 1L, 1L, 1L, 1L, 1L, 1L, 
1L, 1L, 1L, 1L, 1L, 1L, 1L, 1L, 1L, 1L, 1L, 1L, 1L, 1L, 1L, 1L, 
1L, 1L, 1L, 1L, 1L, 1L, 1L, 1L, 1L, 1L, 1L, 1L, 1L, 1L, 1L, 1L, 
1L, 1L, 1L, 1L, 1L, 1L, 1L, 1L, 1L, 1L, 1L, 1L, 1L, 1L, 1L, 1L, 
1L, 1L, 1L, 1L, 1L, 1L, 1L, 1L, 1L, 1L, 1L, 1L, 1L, 1L, 1L, 1L, 
1L, 1L, 1L, 1L, 1L, 1L, 1L, 1L, 1L, 1L, 1L, 1L, 1L, 1L, 1L, 1L, 
1L, 1L, 1L, 1L, 1L, 1L, 1L, 1L, 1L, 1L, 1L, 1L, 1L, 1L, 1L, 1L, 
1L, 1L, 1L, 1L, 1L, 1L, 1L, 1L, 1L, 1L, 1L, 1L, 1L, 1L, 1L, 1L, 
1L, 1L, 1L, 1L, 1L, 1L, 1L, 1L, 1L, 1L, 1L, 1L, 1L, 1L, 1L, 1L, 
1L, 1L, 1L, 1L, 1L, 1L, 1L, 1L, 1L, 1L, 1L, 1L, 1L, 1L, 1L, 1L, 
1L, 1L, 1L, 1L, 1L, 1L, 1L, 1L, 1L, 1L, 1L, 1L, 1L, 1L, 1L, 1L, 
1L, 1L, 1L, 1L, 1L, 1L, 1L, 1L, 1L, 1L, 1L, 1L, 1L, 1L, 1L, 1L, 
1L, 1L, 1L, 1L, 1L, 1L, 1L, 1L, 1L, 1L, 1L, 1L, 1L, 1L, 1L, 1L, 
1L, 1L, 1L, 1L, 1L, 1L, 1L, 1L, 1L, 1L, 1L, 1L, 1L, 1L, 1L, 1L, 
1L, 1L, 1L, 1L, 1L, 1L, 1L, 1L, 1L, 1L, 1L, 1L, 1L, 1L, 1L, 1L, 
1L, 1L, 1L, 1L, 1L, 1L, 1L, 1L, 1L, 1L, 1L, 1L, 1L, 1L, 1L, 1L, 
1L, 1L, 1L, 1L, 1L, 1L, 1L, 1L, 1L, 1L, 1L, 1L, 1L, 1L, 1L, 1L, 
1L, 1L, 1L, 1L, 1L, 1L, 1L, 1L, 1L, 1L, 1L, 1L, 1L, 1L, 1L, 1L, 
1L, 1L, 1L, 1L, 1L, 1L, 1L, 1L, 1L, 1L, 1L, 1L, 1L, 1L, 1L, 1L, 
1L, 1L, 1L, 1L, 1L, 1L, 1L, 1L, 1L, 1L, 1L, 1L, 1L, 1L, 1L, 1L, 
1L, 1L, 1L, 1L, 1L, 1L, 1L, 1L, 1L, 1L, 1L, 1L, 1L, 1L, 1L, 1L, 
1L, 1L, 1L, 1L), .Label = "2401_30621", class = "factor"), CaptureLocation = structure(c(1L, 
1L, 1L, 1L, 1L, 1L, 1L, 1L, 1L, 1L, 1L, 1L, 1L, 1L, 1L, 1L, 1L, 
1L, 1L, 1L, 1L, 1L, 1L, 1L, 1L, 1L, 1L, 1L, 1L, 1L, 1L, 1L, 1L, 
1L, 1L, 1L, 1L, 1L, 1L, 1L, 1L, 1L, 1L, 1L, 1L, 1L, 1L, 1L, 1L, 
1L, 1L, 1L, 1L, 1L, 1L, 1L, 1L, 1L, 1L, 1L, 1L, 1L, 1L, 1L, 1L, 
1L, 1L, 1L, 1L, 1L, 1L, 1L, 1L, 1L, 1L, 1L, 1L, 1L, 1L, 1L, 1L, 
1L, 1L, 1L, 1L, 1L, 1L, 1L, 1L, 1L, 1L, 1L, 1L, 1L, 1L, 1L, 1L, 
1L, 1L, 1L, 1L, 1L, 1L, 1L, 1L, 1L, 1L, 1L, 1L, 1L, 1L, 1L, 1L, 
1L, 1L, 1L, 1L, 1L, 1L, 1L, 1L, 1L, 1L, 1L, 1L, 1L, 1L, 1L, 1L, 
1L, 1L, 1L, 1L, 1L, 1L, 1L, 1L, 1L, 1L, 1L, 1L, 1L, 1L, 1L, 1L, 
1L, 1L, 1L, 1L, 1L, 1L, 1L, 1L, 1L, 1L, 1L, 1L, 1L, 1L, 1L, 1L, 
1L, 1L, 1L, 1L, 1L, 1L, 1L, 1L, 1L, 1L, 1L, 1L, 1L, 1L, 1L, 1L, 
1L, 1L, 1L, 1L, 1L, 1L, 1L, 1L, 1L, 1L, 1L, 1L, 1L, 1L, 1L, 1L, 
1L, 1L, 1L, 1L, 1L, 1L, 1L, 1L, 1L, 1L, 1L, 1L, 1L, 1L, 1L, 1L, 
1L, 1L, 1L, 1L, 1L, 1L, 1L, 1L, 1L, 1L, 1L, 1L, 1L, 1L, 1L, 1L, 
1L, 1L, 1L, 1L, 1L, 1L, 1L, 1L, 1L, 1L, 1L, 1L, 1L, 1L, 1L, 1L, 
1L, 1L, 1L, 1L, 1L, 1L, 1L, 1L, 1L, 1L, 1L, 1L, 1L, 1L, 1L, 1L, 
1L, 1L, 1L, 1L, 1L, 1L, 1L, 1L, 1L, 1L, 1L, 1L, 1L, 1L, 1L, 1L, 
1L, 1L, 1L, 1L, 1L, 1L, 1L, 1L, 1L, 1L, 1L, 1L, 1L, 1L, 1L, 1L, 
1L, 1L, 1L, 1L, 1L, 1L, 1L, 1L, 1L, 1L, 1L, 1L, 1L, 1L, 1L, 1L, 
1L, 1L, 1L, 1L, 1L, 1L, 1L, 1L, 1L, 1L, 1L, 1L, 1L, 1L, 1L, 1L, 
1L, 1L, 1L, 1L, 1L, 1L, 1L, 1L, 1L, 1L, 1L, 1L, 1L, 1L, 1L, 1L, 
1L, 1L, 1L, 1L, 1L, 1L, 1L, 1L, 1L, 1L), .Label = "HBEF", class = "factor"), 
    Date = structure(c(1L, 1L, 2L, 2L, 3L, 3L, 4L, 4L, 5L, 5L, 
    6L, 6L, 7L, 7L, 8L, 8L, 9L, 9L, 10L, 10L, 11L, 11L, 12L, 
    12L, 13L, 13L, 14L, 14L, 15L, 15L, 16L, 16L, 17L, 17L, 18L, 
    18L, 19L, 19L, 20L, 20L, 21L, 21L, 22L, 22L, 23L, 23L, 24L, 
    24L, 25L, 25L, 26L, 26L, 27L, 27L, 28L, 28L, 29L, 29L, 30L, 
    30L, 31L, 31L, 32L, 32L, 33L, 33L, 34L, 34L, 35L, 35L, 36L, 
    36L, 37L, 37L, 38L, 38L, 39L, 39L, 40L, 40L, 41L, 41L, 42L, 
    42L, 43L, 43L, 44L, 44L, 45L, 45L, 46L, 46L, 47L, 47L, 48L, 
    48L, 49L, 49L, 50L, 50L, 51L, 51L, 52L, 52L, 53L, 53L, 54L, 
    54L, 55L, 55L, 56L, 56L, 57L, 57L, 58L, 58L, 59L, 59L, 60L, 
    60L, 61L, 61L, 62L, 62L, 63L, 63L, 64L, 64L, 65L, 65L, 66L, 
    66L, 67L, 67L, 68L, 68L, 69L, 69L, 70L, 70L, 71L, 71L, 72L, 
    72L, 73L, 73L, 74L, 74L, 75L, 75L, 76L, 76L, 77L, 77L, 78L, 
    78L, 79L, 79L, 80L, 80L, 81L, 81L, 82L, 82L, 83L, 83L, 84L, 
    84L, 85L, 85L, 86L, 86L, 87L, 87L, 88L, 88L, 89L, 89L, 90L, 
    90L, 91L, 91L, 92L, 92L, 93L, 93L, 94L, 94L, 95L, 95L, 96L, 
    96L, 97L, 97L, 98L, 98L, 99L, 99L, 100L, 100L, 101L, 101L, 
    102L, 102L, 103L, 103L, 104L, 104L, 105L, 105L, 106L, 106L, 
    107L, 107L, 108L, 108L, 109L, 109L, 110L, 110L, 111L, 111L, 
    112L, 112L, 113L, 113L, 114L, 114L, 115L, 115L, 116L, 116L, 
    117L, 117L, 118L, 118L, 119L, 119L, 120L, 120L, 121L, 121L, 
    122L, 122L, 123L, 123L, 124L, 124L, 125L, 125L, 126L, 126L, 
    127L, 127L, 128L, 128L, 129L, 129L, 130L, 130L, 131L, 131L, 
    132L, 132L, 133L, 133L, 134L, 134L, 135L, 135L, 136L, 136L, 
    137L, 137L, 138L, 138L, 139L, 139L, 140L, 140L, 141L, 141L, 
    142L, 142L, 143L, 143L, 144L, 144L, 145L, 145L, 146L, 146L, 
    147L, 147L, 148L, 148L, 149L, 149L, 150L, 150L, 151L, 151L, 
    152L, 152L, 153L, 153L, 154L, 154L, 155L, 155L, 156L, 156L, 
    157L, 157L, 158L, 158L, 159L, 159L, 160L, 160L, 161L, 161L, 
    162L, 162L, 163L, 163L, 164L, 164L, 165L, 165L, 166L, 166L, 
    167L, 167L, 168L, 168L, 169L, 169L, 170L, 170L, 171L, 171L, 
    172L, 172L, 173L, 173L, 174L), .Label = c("2011-11-01", "2011-11-02", 
    "2011-11-03", "2011-11-04", "2011-11-05", "2011-11-06", "2011-11-07", 
    "2011-11-08", "2011-11-09", "2011-11-10", "2011-11-11", "2011-11-12", 
    "2011-11-13", "2011-11-14", "2011-11-15", "2011-11-16", "2011-11-17", 
    "2011-11-18", "2011-11-19", "2011-11-20", "2011-11-21", "2011-11-22", 
    "2011-11-23", "2011-11-24", "2011-11-25", "2011-11-26", "2011-11-27", 
    "2011-11-28", "2011-11-29", "2011-11-30", "2011-12-01", "2011-12-02", 
    "2011-12-03", "2011-12-04", "2011-12-05", "2011-12-06", "2011-12-07", 
    "2011-12-08", "2011-12-09", "2011-12-10", "2011-12-11", "2011-12-12", 
    "2011-12-13", "2011-12-14", "2011-12-15", "2011-12-16", "2011-12-17", 
    "2011-12-18", "2011-12-19", "2011-12-20", "2011-12-21", "2011-12-22", 
    "2011-12-23", "2011-12-24", "2011-12-25", "2011-12-26", "2011-12-27", 
    "2011-12-28", "2011-12-29", "2011-12-30", "2011-12-31", "2012-01-01", 
    "2012-01-02", "2012-01-03", "2012-01-04", "2012-01-05", "2012-01-06", 
    "2012-01-07", "2012-01-08", "2012-01-09", "2012-01-10", "2012-01-11", 
    "2012-01-12", "2012-01-13", "2012-01-14", "2012-01-15", "2012-01-16", 
    "2012-01-17", "2012-01-18", "2012-01-19", "2012-01-20", "2012-01-21", 
    "2012-01-22", "2012-01-23", "2012-01-24", "2012-01-25", "2012-01-26", 
    "2012-01-27", "2012-01-28", "2012-01-29", "2012-01-30", "2012-01-31", 
    "2012-02-01", "2012-02-02", "2012-02-03", "2012-02-04", "2012-02-05", 
    "2012-02-06", "2012-02-07", "2012-02-08", "2012-02-09", "2012-02-10", 
    "2012-02-11", "2012-02-12", "2012-02-13", "2012-02-14", "2012-02-15", 
    "2012-02-16", "2012-02-17", "2012-02-18", "2012-02-19", "2012-02-20", 
    "2012-02-21", "2012-02-22", "2012-02-23", "2012-02-24", "2012-02-25", 
    "2012-02-26", "2012-02-27", "2012-02-28", "2012-02-29", "2012-03-01", 
    "2012-03-02", "2012-03-03", "2012-03-04", "2012-03-05", "2012-03-06", 
    "2012-03-07", "2012-03-08", "2012-03-09", "2012-03-10", "2012-03-11", 
    "2012-03-12", "2012-03-13", "2012-03-14", "2012-03-15", "2012-03-16", 
    "2012-03-17", "2012-03-18", "2012-03-19", "2012-03-20", "2012-03-21", 
    "2012-03-22", "2012-03-23", "2012-03-24", "2012-03-25", "2012-03-26", 
    "2012-03-27", "2012-03-28", "2012-03-29", "2012-03-30", "2012-03-31", 
    "2012-04-01", "2012-04-02", "2012-04-03", "2012-04-04", "2012-04-05", 
    "2012-04-06", "2012-04-07", "2012-04-08", "2012-04-09", "2012-04-10", 
    "2012-04-11", "2012-04-12", "2012-04-13", "2012-04-14", "2012-04-15", 
    "2012-04-16", "2012-04-17", "2012-04-18", "2012-04-19", "2012-04-20", 
    "2012-04-21", "2012-04-22"), class = "factor"),