structure(list(BirdId = structure(c(1L, 1L, 1L, 1L, 1L, 1L, 1L, 
1L, 1L, 1L, 1L, 1L, 1L, 1L, 1L, 1L, 1L, 1L, 1L, 1L, 1L, 1L, 1L, 
1L, 1L, 1L, 1L, 1L, 1L, 1L, 1L, 1L, 1L, 1L, 1L, 1L, 1L, 1L, 1L, 
1L, 1L, 1L, 1L, 1L, 1L, 1L, 1L, 1L, 1L, 1L, 1L, 1L, 1L, 1L, 1L, 
1L, 1L, 1L, 1L, 1L, 1L, 1L, 1L, 1L, 1L, 1L, 1L, 1L, 1L, 1L, 1L, 
1L, 1L, 1L, 1L, 1L, 1L, 1L, 1L, 1L, 1L, 1L, 1L, 1L, 1L, 1L, 1L, 
1L, 1L, 1L, 1L, 1L, 1L, 1L, 1L, 1L, 1L, 1L, 1L, 1L, 1L, 1L, 1L, 
1L, 1L, 1L, 1L, 1L, 1L, 1L, 1L, 1L, 1L, 1L, 1L, 1L, 1L, 1L, 1L, 
1L, 1L, 1L, 1L, 1L, 1L, 1L, 1L, 1L, 1L, 1L, 1L, 1L, 1L, 1L, 1L, 
1L, 1L, 1L, 1L, 1L, 1L, 1L, 1L, 1L, 1L, 1L, 1L, 1L, 1L, 1L, 1L, 
1L, 1L, 1L, 1L, 1L, 1L, 1L, 1L, 1L, 1L, 1L, 1L), .Label = "2391_69037", class = "factor"), 
    CaptureLocation = structure(c(1L, 1L, 1L, 1L, 1L, 1L, 1L, 
    1L, 1L, 1L, 1L, 1L, 1L, 1L, 1L, 1L, 1L, 1L, 1L, 1L, 1L, 1L, 
    1L, 1L, 1L, 1L, 1L, 1L, 1L, 1L, 1L, 1L, 1L, 1L, 1L, 1L, 1L, 
    1L, 1L, 1L, 1L, 1L, 1L, 1L, 1L, 1L, 1L, 1L, 1L, 1L, 1L, 1L, 
    1L, 1L, 1L, 1L, 1L, 1L, 1L, 1L, 1L, 1L, 1L, 1L, 1L, 1L, 1L, 
    1L, 1L, 1L, 1L, 1L, 1L, 1L, 1L, 1L, 1L, 1L, 1L, 1L, 1L, 1L, 
    1L, 1L, 1L, 1L, 1L, 1L, 1L, 1L, 1L, 1L, 1L, 1L, 1L, 1L, 1L, 
    1L, 1L, 1L, 1L, 1L, 1L, 1L, 1L, 1L, 1L, 1L, 1L, 1L, 1L, 1L, 
    1L, 1L, 1L, 1L, 1L, 1L, 1L, 1L, 1L, 1L, 1L, 1L, 1L, 1L, 1L, 
    1L, 1L, 1L, 1L, 1L, 1L, 1L, 1L, 1L, 1L, 1L, 1L, 1L, 1L, 1L, 
    1L, 1L, 1L, 1L, 1L, 1L, 1L, 1L, 1L, 1L, 1L, 1L, 1L, 1L, 1L, 
    1L, 1L, 1L, 1L, 1L, 1L), .Label = "Florida", class = "factor"), 
    Date = structure(c(1300579200, 1300579200, 1300665600, 1300665600, 
    1300752000, 1300752000, 1300838400, 1300838400, 1300924800, 
    1300924800, 1301011200, 1301011200, 1301097600, 1301097600, 
    1301184000, 1301184000, 1301270400, 1301270400, 1301356800, 
    1301356800, 1301443200, 1301443200, 1301529600, 1301529600, 
    1301616000, 1301616000, 1301702400, 1301702400, 1301788800, 
    1301788800, 1301875200, 1301875200, 1301961600, 1301961600, 
    1302048000, 1302048000, 1302134400, 1302134400, 1302220800, 
    1302220800, 1302307200, 1302307200, 1302393600, 1302393600, 
    1302480000, 1302480000, 1302566400, 1302566400, 1302652800, 
    1302652800, 1302739200, 1302739200, 1302825600, 1302825600, 
    1302912000, 1302912000, 1302998400, 1302998400, 1303084800, 
    1303084800, 1303171200, 1303171200, 1303257600, 1303257600, 
    1303344000, 1303344000, 1303430400, 1303430400, 1303516800, 
    1303516800, 1303603200, 1303603200, 1303689600, 1303689600, 
    1303776000, 1303776000, 1303862400, 1303862400, 1303948800, 
    1303948800, 1304035200, 1304035200, 1304121600, 1304121600, 
    1320105600, 1320105600, 1320192000, 1320192000, 1320278400, 
    1320278400, 1320364800, 1320364800, 1320451200, 1320451200, 
    1320537600, 1320537600, 1320624000, 1320624000, 1320710400, 
    1320710400, 1320796800, 1320796800, 1320883200, 1320883200, 
    1320969600, 1320969600, 1321056000, 1321056000, 1321142400, 
    1321142400, 1321228800, 1321228800, 1321315200, 1321315200, 
    1321401600, 1321401600, 1321488000, 1321488000, 1321574400, 
    1321574400, 1321660800, 1321660800, 1321747200, 1321747200, 
    1321833600, 1321833600, 1321920000, 1321920000, 1322006400, 
    1322006400, 1322092800, 1322092800, 1322179200, 1322179200, 
    1322265600, 1322265600, 1322352000, 1322352000, 1322438400, 
    1322438400, 1322524800, 1322524800, 1322611200, 1322611200, 
    1322697600, 1322697600, 1322784000, 1322784000, 1322870400, 
    1322870400, 1322956800, 1322956800, 1323043200, 1323043200, 
    1323129600, 1323129600, 1323216000, 1323216000, 1323302400, 
    1323302400, 1323388800, 1323388800, 1323475200), class = c("POSIXct", 
    "POSIXt"), tzone = "GMT"), Longitude = c(-80.33, -81.24, 
    -81.28, -80.94, -80.6, -80.77, -80.8, -80.97, -81.13, -81.17, 
    -80.46, -80.99, -80.91, -80.82, -80.86, -80.52, -81.06, -81.59, 
    -81.26, -81.42, -81.21, -81.25, -81.28, -81.07, -81.11, -81.64, 
    -80.81, -80.47, -81.13, -81.42, -80.7, -81.12, -81.4, -80.31, 
    -81.1, -82.26, -81.54, -81.58, -80.86, -80.9, -81.06, -80.84, 
    -81, -81.16, -80.82, -81.23, -80.88, -80.92, -80.95, -80.98, 
    -80.89, -81.04, -81.32, -81.35, -80.63, -80.79, -81.44, -81.22, 
    -80.75, -81.03, -80.81, -80.71, -80.61, -80.89, -81.04, -81.31, 
    -81.34, -81.11, -81.14, -81.41, -81.31, -81.71, -81.48, -81.12, 
    -81.15, -81.42, -81.19, -80.71, -79.22, -80.24, -80.76, -80.53, 
    -80.05, -80.44, -79.22, -80.72, -79.47, -80.35, -81.6, -80.73, 
    -80.6, -79.85, -79.72, -79.97, -80.34, -81.21, -80.96, -80.82, 
    -81.07, -81.06, -80.8, -80.04, -79.9, -80.39, -81.38, -80.62, 
    -80.6, -80.59, -79.69, -80.3, -80.66, -80.77, -80.87, -80.35, 
    -80.45, -80.81, -81.41, -81.26, -80.98, -81.08, -81.06, -80.9, 
    -81.13, -79.97, -80.57, -81.53, -80.75, -80.72, -80.94, -79.78, 
    -79.62, -80.58, -81.17, -81.26, -81.34, -80.68, -80.51, -80.47, 
    -80.06, -80.77, -81.6, -81.68, -81.51, -80.96, -82.04, -81.75, 
    -81.2, -81.65, -80.85, -79.56, -79.51, -80.96, -81.4, -81.1, 
    -80.93, -81, -80.95, -80.89, -81.71, -81.78, -80.98, -80.55, 
    -80.87), Latitude = c(16.71, 38.52, 36.08, 26.3, 31.62, 31.66, 
    29.8, 29.97, -56.8, -59.7, 33.21, 36.75, 36.56, 34.21, 33.03, 
    28.36, 21.96, 26.33, 28.83, 28.96, 30.07, 29.2, 28.37, 25.64, 
    24.9, 27.88, 32.77, 29.76, 24.96, 26.01, 29.97, 31.4, 29.41, 
    22.09, 16.53, 23.39, 27.11, 26.59, 29.83, 29.3, 28.2, 26.51, 
    25.44, 25.6, 26.9, 28.11, 29.25, 28.81, 28.38, 27.96, 28.05, 
    28.14, 26.77, 26.4, 28.85, 28.93, 26.27, 24.99, 26.5, 27.06, 
    27.59, 26.83, 26.93, 27.44, 26.72, 27.23, 26.92, 25.82, 25.53, 
    26.05, 26.16, 27.02, 27.49, 26.11, 25.84, 26.32, 26.78, 25.09, 
    29.02, 31.31, 29.79, 28.9, 29.92, 30.59, 35.03, 29.88, 25.31, 
    21.95, 26.06, 28.68, 27.99, 30.08, 29.41, 28.37, 29.25, 26.31, 
    25.3, 25.46, 26, 25.78, 24.81, 26.81, 26.24, 24.57, 27.24, 
    29.08, 28.87, 28.66, 26.09, 24.17, 25.03, 24.52, 24.69, 25.85, 
    26.01, 24.86, 26.32, 26.47, 25.67, 25.2, 25.05, 25.22, 25.69, 
    28.26, 29.56, 27.07, 25.13, 25, 25.47, 27.97, 27.55, 25.1, 
    26.43, 26.02, 26.19, 27.48, 27.08, 26.97, 26.02, 24.22, 26.09, 
    25.71, 25.34, 26.34, 28.64, 29.06, 27.93, 26.78, 25.09, 27.66, 
    27.57, 24.31, 25.32, 25.77, 25.44, 25.11, 25.05, 24.98, 26.74, 
    26.42, 24.81, 25.54, 26.25)), .Names = c("BirdId", "CaptureLocation", 
"Date", "Longitude", "Latitude"), row.names = c(NA, -163L), class = "data.frame")
