structure(list(BirdId = structure(c(1L, 1L, 1L, 1L, 1L, 1L, 1L, 
1L, 1L, 1L, 1L, 1L, 1L, 1L, 1L, 1L, 1L, 1L, 1L, 1L, 1L, 1L, 1L, 
1L, 1L, 1L, 1L, 1L, 1L, 1L, 1L, 1L, 1L, 1L, 1L, 1L, 1L, 1L, 1L, 
1L, 1L, 1L, 1L, 1L, 1L, 1L, 1L, 1L, 1L, 1L, 1L, 1L, 1L, 1L, 1L, 
1L, 1L, 1L, 1L, 1L, 1L, 1L, 1L, 1L, 1L, 1L, 1L, 1L, 1L, 1L, 1L, 
1L, 1L, 1L, 1L, 1L, 1L, 1L, 1L, 1L, 1L, 1L, 1L, 1L, 1L, 1L, 1L, 
1L, 1L, 1L, 1L, 1L, 1L, 1L, 1L, 1L, 1L, 1L, 1L, 1L, 1L, 1L, 1L, 
1L, 1L, 1L, 1L, 1L, 1L, 1L, 1L, 1L, 1L, 1L, 1L, 1L, 1L, 1L, 1L, 
1L, 1L, 1L, 1L, 1L, 1L, 1L, 1L, 1L, 1L, 1L, 1L, 1L, 1L, 1L, 1L, 
1L, 1L, 1L, 1L, 1L, 1L, 1L, 1L, 1L, 1L, 1L, 1L, 1L, 1L, 1L, 1L, 
1L, 1L, 1L, 1L, 1L, 1L, 1L, 1L, 1L, 1L, 1L, 1L, 1L, 1L, 1L, 1L, 
1L, 1L, 1L, 1L, 1L, 1L, 1L, 1L, 1L, 1L, 1L, 1L, 1L, 1L, 1L, 1L, 
1L, 1L, 1L, 1L, 1L, 1L, 1L, 1L, 1L, 1L, 1L, 1L, 1L, 1L, 1L, 1L, 
1L, 1L, 1L, 1L, 1L, 1L, 1L, 1L, 1L, 1L, 1L), .Label = "2391_69002", class = "factor"), 
    CaptureLocation = structure(c(1L, 1L, 1L, 1L, 1L, 1L, 1L, 
    1L, 1L, 1L, 1L, 1L, 1L, 1L, 1L, 1L, 1L, 1L, 1L, 1L, 1L, 1L, 
    1L, 1L, 1L, 1L, 1L, 1L, 1L, 1L, 1L, 1L, 1L, 1L, 1L, 1L, 1L, 
    1L, 1L, 1L, 1L, 1L, 1L, 1L, 1L, 1L, 1L, 1L, 1L, 1L, 1L, 1L, 
    1L, 1L, 1L, 1L, 1L, 1L, 1L, 1L, 1L, 1L, 1L, 1L, 1L, 1L, 1L, 
    1L, 1L, 1L, 1L, 1L, 1L, 1L, 1L, 1L, 1L, 1L, 1L, 1L, 1L, 1L, 
    1L, 1L, 1L, 1L, 1L, 1L, 1L, 1L, 1L, 1L, 1L, 1L, 1L, 1L, 1L, 
    1L, 1L, 1L, 1L, 1L, 1L, 1L, 1L, 1L, 1L, 1L, 1L, 1L, 1L, 1L, 
    1L, 1L, 1L, 1L, 1L, 1L, 1L, 1L, 1L, 1L, 1L, 1L, 1L, 1L, 1L, 
    1L, 1L, 1L, 1L, 1L, 1L, 1L, 1L, 1L, 1L, 1L, 1L, 1L, 1L, 1L, 
    1L, 1L, 1L, 1L, 1L, 1L, 1L, 1L, 1L, 1L, 1L, 1L, 1L, 1L, 1L, 
    1L, 1L, 1L, 1L, 1L, 1L, 1L, 1L, 1L, 1L, 1L, 1L, 1L, 1L, 1L, 
    1L, 1L, 1L, 1L, 1L, 1L, 1L, 1L, 1L, 1L, 1L, 1L, 1L, 1L, 1L, 
    1L, 1L, 1L, 1L, 1L, 1L, 1L, 1L, 1L, 1L, 1L, 1L, 1L, 1L, 1L, 
    1L, 1L, 1L, 1L, 1L, 1L, 1L, 1L), .Label = "Jamaica", class = "factor"), 
    Date = structure(c(1301011200, 1301961600, 1301961600, 1302048000, 
    1302048000, 1302134400, 1302134400, 1302220800, 1302220800, 
    1302307200, 1302307200, 1302393600, 1302393600, 1302480000, 
    1302480000, 1302566400, 1302566400, 1302652800, 1302652800, 
    1302739200, 1302739200, 1302825600, 1302825600, 1302912000, 
    1302912000, 1302998400, 1302998400, 1303084800, 1303084800, 
    1303171200, 1303171200, 1303257600, 1303257600, 1303344000, 
    1303430400, 1303430400, 1303516800, 1303603200, 1303603200, 
    1303689600, 1303689600, 1303776000, 1303776000, 1303862400, 
    1303862400, 1303948800, 1303948800, 1304035200, 1304035200, 
    1304121600, 1304121600, 1320105600, 1320105600, 1320192000, 
    1320192000, 1320278400, 1320278400, 1320364800, 1320364800, 
    1320451200, 1320451200, 1320537600, 1320537600, 1320624000, 
    1320624000, 1320710400, 1320710400, 1320796800, 1320796800, 
    1320883200, 1320883200, 1320969600, 1320969600, 1321056000, 
    1321056000, 1321142400, 1321142400, 1321228800, 1321228800, 
    1321315200, 1321315200, 1321401600, 1321401600, 1321488000, 
    1321488000, 1321574400, 1321574400, 1321660800, 1321660800, 
    1321747200, 1321747200, 1321833600, 1321833600, 1321920000, 
    1321920000, 1322006400, 1322006400, 1322092800, 1322092800, 
    1322179200, 1322179200, 1322265600, 1322265600, 1322352000, 
    1322352000, 1322438400, 1322438400, 1322524800, 1322524800, 
    1322611200, 1322611200, 1322697600, 1322697600, 1322784000, 
    1322784000, 1322870400, 1322870400, 1322956800, 1322956800, 
    1323043200, 1323043200, 1323129600, 1323129600, 1323216000, 
    1323216000, 1323302400, 1323302400, 1323388800, 1323388800, 
    1323475200, 1323475200, 1323561600, 1323561600, 1323648000, 
    1323648000, 1323734400, 1323734400, 1323820800, 1323820800, 
    1323907200, 1323907200, 1323993600, 1323993600, 1324080000, 
    1324080000, 1324166400, 1324166400, 1324252800, 1324252800, 
    1324339200, 1324339200, 1324425600, 1324425600, 1324512000, 
    1324512000, 1324598400, 1324598400, 1324684800, 1324684800, 
    1324771200, 1324771200, 1324857600, 1324857600, 1324944000, 
    1324944000, 1325030400, 1325030400, 1325116800, 1325116800, 
    1325203200, 1325203200, 1325289600, 1325289600, 1325376000, 
    1325376000, 1325462400, 1325462400, 1325548800, 1325548800, 
    1325635200, 1325635200, 1325721600, 1325721600, 1325808000, 
    1325808000, 1325894400, 1325894400, 1325980800, 1325980800, 
    1326067200, 1326067200, 1326153600, 1326153600, 1326240000, 
    1326240000, 1326326400, 1326326400, 1326412800, 1326412800, 
    1326499200, 1326499200, 1326585600, 1326585600, 1326672000, 
    1326672000, 1326758400, 1326758400, 1326844800, 1326844800, 
    1326931200), class = c("POSIXct", "POSIXt"), tzone = "GMT"), 
    Longitude = c(-111.46, -77.78, -77.69, -78.6, -79.88, -80.92, 
    -80.08, -78.99, -78.9, -78.06, -78.59, -80.38, -80.66, -78.32, 
    -78.23, -78.51, -78.17, -77.2, -76.98, -78.26, -77.92, -78.2, 
    -78.73, -77.63, -78.29, -78.94, -78.97, -78, -78.03, -78.31, 
    -77.83, -79.36, -79.64, -114.19, -112.47, -112.62, -113.39, 
    -80.18, -79.71, -76.98, -77.25, -76.4, -77.42, -82.94, -84.96, 
    -89.1, -89.62, -80.89, -81.53, -79.3, -78.81, -77.34, -77.85, 
    -77.6, -76.98, -77.73, -77.85, -76.98, -77.35, -77.35, -76.47, 
    -76.59, -76.96, -77.58, -77.95, -78.19, -78.81, -78.55, -76.42, 
    -77.4, -78.52, -78.25, -78.37, -77.98, -76.71, -77.2, -77.8, 
    -77.66, -78.89, -79, -79.1, -78.45, -77.56, -77.66, -78.26, 
    -77.86, -77.96, -79.43, -78.4, -77.5, -77.47, -77.69, -77.54, 
    -77.25, -77.47, -78.69, -78.03, -77.37, -77.96, -77.67, -77.38, 
    -77.34, -77.56, -78.14, -77.6, -77.56, -77.89, -78.47, -78.43, 
    -78.01, -78.22, -77.79, -77.37, -78.2, -79.28, -78.98, -79.06, 
    -78.38, -78.33, -78.66, -77.73, -78.05, -78.12, -78.7, -79.52, 
    -79.96, -79.91, -78.98, -78.8, -77.74, -77.81, -78.25, -77.2, 
    -77.01, -77.21, -78.15, -77.96, -78.78, -79.09, -78.41, -78.1, 
    -80.29, -80.73, -78.17, -77.86, -77.92, -78.11, -78.55, -78.86, 
    -78.3, -77.99, -78.55, -78.61, -77.68, -77.99, -77.93, -77.99, 
    -78.68, -78.99, -79.93, -79.12, -79.05, -79.99, -79.43, -78.87, 
    -78.81, -79, -80.31, -80.5, -79.31, -79.13, -80.07, -80.26, 
    -78.32, -78.51, -80.33, -79.9, -78.59, -78.66, -79.22, -79.04, 
    -79.98, -80.55, -78.75, -76.94, -76.76, -78.21, -79.28, -78.6, 
    -79.55, -80.25, -78.32, -78.02, -79.09, -79.29, -79.87, -80.82, 
    -80.15, -79.35, -78.18, -78.38, -79.59, -78.67, -79, -80.08, 
    -79.41, -79.25, -79.46, -79.54, -78.88),