structure(list(BirdId = structure(c(1L, 1L, 1L, 1L, 1L, 1L, 1L, 
1L, 1L, 1L, 1L, 1L, 1L, 1L, 1L, 1L, 1L, 1L, 1L, 1L, 1L, 1L, 1L, 
1L, 1L, 1L, 1L, 1L, 1L, 1L, 1L, 1L, 1L, 1L, 1L, 1L, 1L, 1L, 1L, 
1L, 1L, 1L, 1L, 1L, 1L, 1L, 1L, 1L, 1L, 1L, 1L, 1L, 1L, 1L, 1L, 
1L, 1L, 1L, 1L, 1L, 1L, 1L, 1L, 1L, 1L, 1L, 1L, 1L, 1L, 1L, 1L, 
1L, 1L, 1L, 1L, 1L, 1L, 1L, 1L, 1L, 1L, 1L, 1L, 1L, 1L, 1L, 1L, 
1L, 1L, 1L, 1L, 1L, 1L, 1L, 1L, 1L, 1L, 1L, 1L, 1L, 1L, 1L, 1L, 
1L, 1L, 1L, 1L, 1L, 1L, 1L, 1L, 1L, 1L, 1L, 1L, 1L, 1L, 1L, 1L, 
1L, 1L, 1L, 1L, 1L, 1L, 1L, 1L, 1L, 1L, 1L, 1L, 1L, 1L, 1L, 1L, 
1L, 1L, 1L, 1L, 1L, 1L, 1L, 1L, 1L, 1L, 1L, 1L, 1L, 1L, 1L, 1L, 
1L, 1L, 1L, 1L, 1L, 1L, 1L, 1L, 1L, 1L, 1L, 1L, 1L, 1L, 1L, 1L, 
1L, 1L, 1L, 1L, 1L, 1L, 1L, 1L, 1L, 1L, 1L, 1L, 1L, 1L, 1L, 1L, 
1L, 1L, 1L, 1L, 1L, 1L, 1L, 1L, 1L, 1L, 1L, 1L, 1L, 1L, 1L, 1L, 
1L, 1L, 1L, 1L, 1L, 1L, 1L, 1L), .Label = "1911_67944", class = "factor"), 
    CaptureLocation = structure(c(1L, 1L, 1L, 1L, 1L, 1L, 1L, 
    1L, 1L, 1L, 1L, 1L, 1L, 1L, 1L, 1L, 1L, 1L, 1L, 1L, 1L, 1L, 
    1L, 1L, 1L, 1L, 1L, 1L, 1L, 1L, 1L, 1L, 1L, 1L, 1L, 1L, 1L, 
    1L, 1L, 1L, 1L, 1L, 1L, 1L, 1L, 1L, 1L, 1L, 1L, 1L, 1L, 1L, 
    1L, 1L, 1L, 1L, 1L, 1L, 1L, 1L, 1L, 1L, 1L, 1L, 1L, 1L, 1L, 
    1L, 1L, 1L, 1L, 1L, 1L, 1L, 1L, 1L, 1L, 1L, 1L, 1L, 1L, 1L, 
    1L, 1L, 1L, 1L, 1L, 1L, 1L, 1L, 1L, 1L, 1L, 1L, 1L, 1L, 1L, 
    1L, 1L, 1L, 1L, 1L, 1L, 1L, 1L, 1L, 1L, 1L, 1L, 1L, 1L, 1L, 
    1L, 1L, 1L, 1L, 1L, 1L, 1L, 1L, 1L, 1L, 1L, 1L, 1L, 1L, 1L, 
    1L, 1L, 1L, 1L, 1L, 1L, 1L, 1L, 1L, 1L, 1L, 1L, 1L, 1L, 1L, 
    1L, 1L, 1L, 1L, 1L, 1L, 1L, 1L, 1L, 1L, 1L, 1L, 1L, 1L, 1L, 
    1L, 1L, 1L, 1L, 1L, 1L, 1L, 1L, 1L, 1L, 1L, 1L, 1L, 1L, 1L, 
    1L, 1L, 1L, 1L, 1L, 1L, 1L, 1L, 1L, 1L, 1L, 1L, 1L, 1L, 1L, 
    1L, 1L, 1L, 1L, 1L, 1L, 1L, 1L, 1L, 1L, 1L, 1L, 1L, 1L, 1L, 
    1L, 1L, 1L, 1L, 1L), .Label = "Jamaica", class = "factor"), 
    Date = structure(c(1301702400, 1301702400, 1301788800, 1301788800, 
    1301875200, 1301875200, 1301961600, 1301961600, 1302048000, 
    1302048000, 1302134400, 1302134400, 1302220800, 1302220800, 
    1302307200, 1302307200, 1302393600, 1302393600, 1302480000, 
    1302480000, 1302566400, 1302566400, 1302652800, 1302652800, 
    1302739200, 1302739200, 1302825600, 1302825600, 1302912000, 
    1302912000, 1302998400, 1302998400, 1303084800, 1303084800, 
    1303171200, 1303171200, 1303257600, 1303257600, 1303344000, 
    1303344000, 1303430400, 1303430400, 1303516800, 1303516800, 
    1303603200, 1303603200, 1303689600, 1303689600, 1303776000, 
    1303776000, 1303862400, 1303862400, 1303948800, 1303948800, 
    1304035200, 1304035200, 1304121600, 1304121600, 1320105600, 
    1320105600, 1320192000, 1320192000, 1320278400, 1320278400, 
    1320364800, 1320364800, 1320451200, 1320451200, 1320537600, 
    1320537600, 1320624000, 1320624000, 1320710400, 1320710400, 
    1320796800, 1320796800, 1320883200, 1320883200, 1320969600, 
    1320969600, 1321056000, 1321056000, 1321142400, 1321142400, 
    1321228800, 1321228800, 1321315200, 1321315200, 1321401600, 
    1321401600, 1321488000, 1321488000, 1321574400, 1321574400, 
    1321660800, 1321660800, 1321747200, 1321747200, 1321833600, 
    1321833600, 1321920000, 1321920000, 1322006400, 1322006400, 
    1322092800, 1322092800, 1322179200, 1322179200, 1322265600, 
    1322265600, 1322352000, 1322352000, 1322438400, 1322438400, 
    1322524800, 1322524800, 1322611200, 1322611200, 1322697600, 
    1322697600, 1322784000, 1322784000, 1322870400, 1322870400, 
    1322956800, 1322956800, 1323043200, 1323043200, 1323129600, 
    1323129600, 1323216000, 1323216000, 1323302400, 1323388800, 
    1323475200, 1323475200, 1323561600, 1323561600, 1323648000, 
    1323648000, 1323993600, 1323993600, 1324080000, 1324080000, 
    1324166400, 1324166400, 1324252800, 1324252800, 1324339200, 
    1324339200, 1324425600, 1324425600, 1324512000, 1324512000, 
    1324857600, 1324857600, 1324944000, 1324944000, 1325030400, 
    1325030400, 1325116800, 1325116800, 1325203200, 1325203200, 
    1325289600, 1325289600, 1325376000, 1325376000, 1325462400, 
    1325462400, 1325548800, 1325548800, 1325635200, 1325635200, 
    1325721600, 1325721600, 1325808000, 1325808000, 1325894400, 
    1325894400, 1325980800, 1325980800, 1326067200, 1326067200, 
    1326153600, 1326153600, 1326240000, 1326240000, 1326326400, 
    1326326400, 1326412800, 1326412800, 1326499200, 1326499200, 
    1326585600, 1326585600, 1326672000, 1326672000, 1326758400, 
    1326758400, 1326844800, 1326844800, 1326931200, 1326931200, 
    1327017600, 1327017600, 1327104000), class = c("POSIXct", 
    "POSIXt"), tzone = "GMT"), Longitude = c(-78.06, -78.09, 
    -78.51, -78.54, -77.95, -78.24, -78.4, -78.44, -78.6, -78.63, 
    -77.54, -77.33, -77.61, -76.02, -76.18, -78.09, -77.38, -77.03, 
    -77.94, -78.35, -78.13, -77.42, -77.45, -78.1, -77.64, -77.04, 
    -76.7, -77.35, -77.26, -77.04, -77.69, -78.22, -77.12, -76.4, 
    -76.43, -77.33, -77.73, -77.89, -77.79, -77.56, -77.34, -77.61, 
    -77.39, -77.41, -77.18, -79.08, -80.35, -79.5, -80.52, -82.54, 
    -79.81, -80.21, -81.6, -81.99, -81.26, -81.15, -80.92, -81.06, 
    -77.72, -77.72, -77.72, -77.48, -77.73, -78.23, -77.85, -78.1, 
    -78.22, -77.85, -78.09, -78.21, -78.33, -77.7, -77.82, -77.68, 
    -76.93, -77.42, -77.4, -76.89, -76.88, -75.87, -76.6, -77.71, 
    -79.69, -79.43, -77.04, -76.27, -76.87, -77.73, -77.45, -77.31, 
    -77.66, -77.63, -76.98, -77.21, -78.18, -77.4, -76.75, -77.72, 
    -78.19, -77.91, -78.5, -78.97, -78.06, -77.53, -77.37, -77.33, 
    -77.67, -77.51, -78.84, -79.18, -77.77, -77.6, -77.68, -77.64, 
    -77.22, -77.3, -77.26, -77.22, -77.67, -77.25, -78.7, -78.65, 
    -78.36, -78.56, -77.51, -77.08, -77.03, -77.35, -78.3, -78.5, 
    -78.82, -78.64, -77.46, -77.05, -77.37, -78.06, -77.5, -77.2, 
    -77.51, -77.33, -77.29, -77.1, -77.42, -76.86, -77.17, -77.61, 
    -76.55, -76.86, -77.42, -77.61, -77.93, -77.86, -77.55, -77.24, 
    -77.8, -77.87, -77.43, -72.12, -67.19, -67.75, -73.06, -77.62, 
    -77.19, -77.25, -78.07, -76.76, -76.07, -77.26, -77.58, -77.15, 
    -76.71, -77.53, -77.35, -77.17, -77.36, -77.55, -77.5, -77.07, 
    -77.01, -76.83, -76.66, -75.85, -75.55, -76.87, -77.07, -76.64, 
    -77.22, -78.17, -77.74, -77.45, -77.65, -77.73, -77.3, -77.63, 
    -77.96, -77.79, -77.5, -77.46, -77.54, -76.62, -76.33, -77.42, 
    -77.25, -77.21, -77.42, -77.76, -77.6), Latitude = c(21.33, 
    20.71, 17.06, 16.56, 20.91, 22.14, 20.73, 20.22, 18.89, 18.44, 
    24.96, 23.01, 21.06, 10.16, 9.05, 20.5, 24.1, 21.73, 16.56, 
    18.3, 19.28, 14.94, 14.66, 17.64, 19.79, 16.42, 17.97, 20.55, 
    20.78, 19.37, 16.28, 18.25, 22.66, 19.31, 19.04, 22.24, 20.5, 
    20.71, 20.92, 19.72, 20.4, 21.06, 21.69, 21.44, 22.05, 27.77, 
    23.61, 20.48, 16.8, 23.27, 30.9, 31.59, 27.67, 28.44, 30.14, 
    29.57, 29.95, 30.01, 21.83, 21.59, 21.36, 22.02, 22.67, 20.69, 
    19.17, 18.1, 18.36, 19.46, 20.11, 19.51, 19.74, 21.58, 21.79, 
    21.99, 19.45, 17.71, 17.56, 18.97, 18.82, 21.67, 23.68, 20.24, 
    25.75, 26.24, 19.44, 21.43, 23.01, 20.44, 19.6, 19.82, 20.72, 
    20.58, 18.76, 17.96, 20.53, 22.37, 20.62, 17.87, 19.08, 19.63, 
    21.12, 19.74, 17.38, 18.58, 18.17, 18.08, 18.93, 19.15, 22.4, 
    21.4, 17.97, 18.2, 18.42, 18.35, 17.36, 16.99, 16.92, 16.86, 
    17.99, 18.81, 22.2, 22.12, 21.49, 20.85, 18.5, 19.31, 19.25, 
    18.34, 20.55, 19.93, 20.72, 20.94, 18.38, 19.37, 20.16, 18.46, 
    17.31, 17.83, 18.63, 18.88, 17.88, 18.14, 18.94, 20.01, 20.79, 
    19.71, 17.53, 16.69, 18.06, 17.51, 18.32, 18.32, 17.77, 18.32, 
    17.82, 17.56, 16.75, 27.7, 17.61, 16.24, 27.54, 17.95, 17.14, 
    16.88, 18.85, 21.59, 20.28, 17.55, 18.42, 19.29, 18.5, 16.56, 
    16.31, 16.63, 17.25, 16.72, 16.76, 17.67, 17.71, 18.05, 17.82, 
    19.59, 19.08, 15.92, 16.57, 17.51, 19.04, 16.74, 15.9, 16.56, 
    17.23, 17, 16.15, 15.28, 16.28, 16.66, 16.11, 16.18, 16.57, 
    18.85, 18.32, 15.53, 15.28, 15.36, 16.1, 15.19, 14.94)),