structure(list(BirdId = structure(c(1L, 1L, 1L, 1L, 1L, 1L, 1L, 
1L, 1L, 1L, 1L, 1L, 1L, 1L, 1L, 1L, 1L, 1L, 1L, 1L, 1L, 1L, 1L, 
1L, 1L, 1L, 1L, 1L, 1L, 1L, 1L, 1L, 1L, 1L, 1L, 1L, 1L, 1L, 1L, 
1L, 1L, 1L, 1L, 1L, 1L, 1L, 1L, 1L, 1L, 1L, 1L, 1L, 1L, 1L, 1L, 
1L, 1L, 1L, 1L, 1L, 1L, 1L, 1L, 1L, 1L, 1L, 1L, 1L, 1L, 1L, 1L, 
1L, 1L, 1L, 1L, 1L, 1L, 1L, 1L, 1L, 1L, 1L, 1L, 1L, 1L, 1L, 1L, 
1L, 1L, 1L, 1L, 1L, 1L, 1L, 1L, 1L, 1L, 1L, 1L, 1L, 1L, 1L, 1L, 
1L, 1L, 1L, 1L, 1L, 1L, 1L, 1L, 1L, 1L, 1L, 1L, 1L, 1L, 1L, 1L, 
1L, 1L, 1L, 1L, 1L, 1L, 1L, 1L, 1L, 1L, 1L, 1L, 1L, 1L, 1L, 1L, 
1L, 1L, 1L, 1L, 1L, 1L, 1L, 1L, 1L, 1L, 1L, 1L, 1L, 1L, 1L, 1L, 
1L, 1L, 1L, 1L, 1L, 1L, 1L, 1L, 1L, 1L, 1L, 1L), .Label = "2391_69037", class = "factor"), 
    CaptureLocation = structure(c(1L, 1L, 1L, 1L, 1L, 1L, 1L, 
    1L, 1L, 1L, 1L, 1L, 1L, 1L, 1L, 1L, 1L, 1L, 1L, 1L, 1L, 1L, 
    1L, 1L, 1L, 1L, 1L, 1L, 1L, 1L, 1L, 1L, 1L, 1L, 1L, 1L, 1L, 
    1L, 1L, 1L, 1L, 1L, 1L, 1L, 1L, 1L, 1L, 1L, 1L, 1L, 1L, 1L, 
    1L, 1L, 1L, 1L, 1L, 1L, 1L, 1L, 1L, 1L, 1L, 1L, 1L, 1L, 1L, 
    1L, 1L, 1L, 1L, 1L, 1L, 1L, 1L, 1L, 1L, 1L, 1L, 1L, 1L, 1L, 
    1L, 1L, 1L, 1L, 1L, 1L, 1L, 1L, 1L, 1L, 1L, 1L, 1L, 1L, 1L, 
    1L, 1L, 1L, 1L, 1L, 1L, 1L, 1L, 1L, 1L, 1L, 1L, 1L, 1L, 1L, 
    1L, 1L, 1L, 1L, 1L, 1L, 1L, 1L, 1L, 1L, 1L, 1L, 1L, 1L, 1L, 
    1L, 1L, 1L, 1L, 1L, 1L, 1L, 1L, 1L, 1L, 1L, 1L, 1L, 1L, 1L, 
    1L, 1L, 1L, 1L, 1L, 1L, 1L, 1L, 1L, 1L, 1L, 1L, 1L, 1L, 1L, 
    1L, 1L, 1L, 1L, 1L, 1L), .Label = "Florida", class = "factor"), 
    Date = structure(c(1L, 1L, 2L, 2L, 3L, 3L, 4L, 4L, 5L, 5L, 
    6L, 6L, 7L, 7L, 8L, 8L, 9L, 9L, 10L, 10L, 11L, 11L, 12L, 
    12L, 13L, 13L, 14L, 14L, 15L, 15L, 16L, 16L, 17L, 17L, 18L, 
    18L, 19L, 19L, 20L, 20L, 21L, 21L, 22L, 22L, 23L, 23L, 24L, 
    24L, 25L, 25L, 26L, 26L, 27L, 27L, 28L, 28L, 29L, 29L, 30L, 
    30L, 31L, 31L, 32L, 32L, 33L, 33L, 34L, 34L, 35L, 35L, 36L, 
    36L, 37L, 37L, 38L, 38L, 39L, 39L, 40L, 40L, 41L, 41L, 42L, 
    42L, 43L, 43L, 44L, 44L, 45L, 45L, 46L, 46L, 47L, 47L, 48L, 
    48L, 49L, 49L, 50L, 50L, 51L, 51L, 52L, 52L, 53L, 53L, 54L, 
    54L, 55L, 55L, 56L, 56L, 57L, 57L, 58L, 58L, 59L, 59L, 60L, 
    60L, 61L, 61L, 62L, 62L, 63L, 63L, 64L, 64L, 65L, 65L, 66L, 
    66L, 67L, 67L, 68L, 68L, 69L, 69L, 70L, 70L, 71L, 71L, 72L, 
    72L, 73L, 73L, 74L, 74L, 75L, 75L, 76L, 76L, 77L, 77L, 78L, 
    78L, 79L, 79L, 80L, 80L, 81L, 81L, 82L), .Label = c("2011-03-20", 
    "2011-03-21", "2011-03-22", "2011-03-23", "2011-03-24", "2011-03-25", 
    "2011-03-26", "2011-03-27", "2011-03-28", "2011-03-29", "2011-03-30", 
    "2011-03-31", "2011-04-01", "2011-04-02", "2011-04-03", "2011-04-04", 
    "2011-04-05", "2011-04-06", "2011-04-07", "2011-04-08", "2011-04-09", 
    "2011-04-10", "2011-04-11", "2011-04-12", "2011-04-13", "2011-04-14", 
    "2011-04-15", "2011-04-16", "2011-04-17", "2011-04-18", "2011-04-19", 
    "2011-04-20", "2011-04-21", "2011-04-22", "2011-04-23", "2011-04-24", 
    "2011-04-25", "2011-04-26", "2011-04-27", "2011-04-28", "2011-04-29", 
    "2011-04-30", "2011-11-01", "2011-11-02", "2011-11-03", "2011-11-04", 
    "2011-11-05", "2011-11-06", "2011-11-07", "2011-11-08", "2011-11-09", 
    "2011-11-10", "2011-11-11", "2011-11-12", "2011-11-13", "2011-11-14", 
    "2011-11-15", "2011-11-16", "2011-11-17", "2011-11-18", "2011-11-19", 
    "2011-11-20", "2011-11-21", "2011-11-22", "2011-11-23", "2011-11-24", 
    "2011-11-25", "2011-11-26", "2011-11-27", "2011-11-28", "2011-11-29", 
    "2011-11-30", "2011-12-01", "2011-12-02", "2011-12-03", "2011-12-04", 
    "2011-12-05", "2011-12-06", "2011-12-07", "2011-12-08", "2011-12-09", 
    "2011-12-10"), class = "factor"), Longitude = c(-80.33, -81.24, 
    -81.28, -80.94, -80.6, -80.77, -80.8, -80.97, -81.13, -81.17, 
    -80.46, -80.99, -80.91, -80.82, -80.86, -80.52, -81.06, -81.59, 
    -81.26, -81.42, -81.21, -81.25, -81.28, -81.07, -81.11, -81.64, 
    -80.81, -80.47, -81.13, -81.42, -80.7, -81.12, -81.4, -80.31, 
    -81.1, -82.26, -81.54, -81.58, -80.86, -80.9, -81.06, -80.84, 
    -81, -81.16, -80.82, -81.23, -80.88, -80.92, -80.95, -80.98, 
    -80.89, -81.04, -81.32, -81.35, -80.63, -80.79, -81.44, -81.22, 
    -80.75, -81.03, -80.81, -80.71, -80.61, -80.89, -81.04, -81.31, 
    -81.34, -81.11, -81.14, -81.41, -81.31, -81.71, -81.48, -81.12, 
    -81.15, -81.42, -81.19, -80.71, -79.22, -80.24, -80.76, -80.53, 
    -80.05, -80.44, -79.22, -80.72, -79.47, -80.35, -81.6, -80.73, 
    -80.6, -79.85, -79.72, -79.97, -80.34, -81.21, -80.96, -80.82, 
    -81.07, -81.06, -80.8, -80.04, -79.9, -80.39, -81.38, -80.62, 
    -80.6, -80.59, -79.69, -80.3, -80.66, -80.77, -80.87, -80.35, 
    -80.45, -80.81, -81.41, -81.26, -80.98, -81.08, -81.06, -80.9, 
    -81.13, -79.97, -80.57, -81.53, -80.75, -80.72, -80.94, -79.78, 
    -79.62, -80.58, -81.17, -81.26, -81.34, -80.68, -80.51, -80.47, 
    -80.06, -80.77, -81.6, -81.68, -81.51, -80.96, -82.04, -81.75, 
    -81.2, -81.65, -80.85, -79.56, -79.51, -80.96, -81.4, -81.1, 
    -80.93, -81, -80.95, -80.89, -81.71, -81.78, -80.98, -80.55, 
    -80.87), Latitude = c(16.71, 38.52, 36.08, 26.3, 31.62, 31.66, 
    29.8, 29.97, -56.8, -59.7, 33.21, 36.75, 36.56, 34.21, 33.03, 
    28.36, 21.96, 26.33, 28.83, 28.96, 30.07, 29.2, 28.37, 25.64, 
    24.9, 27.88, 32.77, 29.76, 24.96, 26.01, 29.97, 31.4, 29.41, 
    22.09, 16.53, 23.39, 27.11, 26.59, 29.83, 29.3, 28.2, 26.51, 
    25.44, 25.6, 26.9, 28.11, 29.25, 28.81, 28.38, 27.96, 28.05, 
    28.14, 26.77, 26.4, 28.85, 28.93, 26.27, 24.99, 26.5, 27.06, 
    27.59, 26.83, 26.93, 27.44, 26.72, 27.23, 26.92, 25.82, 25.53, 
    26.05, 26.16, 27.02, 27.49, 26.11, 25.84, 26.32, 26.78, 25.09, 
    29.02, 31.31, 29.79, 28.9, 29.92, 30.59, 35.03, 29.88, 25.31, 
    21.95, 26.06, 28.68, 27.99, 30.08, 29.41, 28.37, 29.25, 26.31, 
    25.3, 25.46, 26, 25.78, 24.81, 26.81, 26.24, 24.57, 27.24, 
    29.08, 28.87, 28.66, 26.09, 24.17, 25.03, 24.52, 24.69, 25.85, 
    26.01, 24.86, 26.32, 26.47, 25.67, 25.2, 25.05, 25.22, 25.69, 
    28.26, 29.56, 27.07, 25.13, 25, 25.47, 27.97, 27.55, 25.1, 
    26.43, 26.02, 26.19, 27.48, 27.08, 26.97, 26.02, 24.22, 26.09, 
    25.71, 25.34, 26.34, 28.64, 29.06, 27.93, 26.78, 25.09, 27.66, 
    27.57, 24.31, 25.32, 25.77, 25.44, 25.11, 25.05, 24.98, 26.74, 
    26.42, 24.81, 25.54, 26.25)), .Names = c("BirdId", "CaptureLocation", 
"Date", "Longitude", "Latitude"), row.names = c(NA, -163L), class = "data.frame")
