structure(list(BirdId = structure(c(1L, 1L, 1L, 1L, 1L, 1L, 1L, 
1L, 1L, 1L, 1L, 1L, 1L, 1L, 1L, 1L, 1L, 1L, 1L, 1L, 1L, 1L, 1L, 
1L, 1L, 1L, 1L, 1L, 1L, 1L, 1L, 1L, 1L, 1L, 1L, 1L, 1L, 1L, 1L, 
1L, 1L, 1L, 1L, 1L, 1L, 1L, 1L, 1L, 1L, 1L, 1L, 1L, 1L, 1L, 1L, 
1L, 1L, 1L, 1L, 1L, 1L, 1L, 1L, 1L, 1L, 1L, 1L, 1L, 1L, 1L, 1L, 
1L, 1L, 1L, 1L, 1L, 1L, 1L, 1L, 1L, 1L, 1L, 1L, 1L, 1L, 1L, 1L, 
1L, 1L, 1L, 1L, 1L, 1L, 1L, 1L, 1L, 1L, 1L, 1L, 1L, 1L, 1L, 1L, 
1L, 1L, 1L, 1L, 1L, 1L, 1L, 1L, 1L, 1L, 1L, 1L, 1L, 1L, 1L, 1L, 
1L, 1L, 1L, 1L, 1L, 1L, 1L, 1L, 1L, 1L, 1L, 1L, 1L, 1L, 1L, 1L, 
1L, 1L, 1L, 1L, 1L, 1L, 1L, 1L, 1L, 1L, 1L, 1L, 1L, 1L, 1L, 1L, 
1L, 1L, 1L, 1L, 1L, 1L, 1L, 1L, 1L, 1L, 1L, 1L, 1L, 1L, 1L, 1L, 
1L, 1L, 1L, 1L, 1L, 1L, 1L, 1L, 1L, 1L, 1L, 1L, 1L, 1L, 1L, 1L, 
1L, 1L, 1L, 1L, 1L, 1L, 1L, 1L, 1L, 1L, 1L, 1L, 1L, 1L, 1L, 1L, 
1L, 1L, 1L, 1L, 1L, 1L, 1L, 1L, 1L, 1L, 1L, 1L, 1L, 1L, 1L, 1L, 
1L, 1L, 1L, 1L, 1L, 1L, 1L, 1L, 1L, 1L, 1L, 1L, 1L, 1L, 1L, 1L, 
1L, 1L, 1L, 1L, 1L, 1L, 1L, 1L, 1L, 1L, 1L, 1L, 1L, 1L, 1L, 1L, 
1L, 1L, 1L, 1L, 1L, 1L, 1L, 1L, 1L, 1L, 1L, 1L, 1L, 1L, 1L, 1L, 
1L, 1L, 1L, 1L, 1L, 1L, 1L, 1L, 1L, 1L, 1L, 1L, 1L, 1L, 1L, 1L, 
1L, 1L, 1L, 1L, 1L, 1L, 1L, 1L, 1L, 1L, 1L, 1L, 1L, 1L, 1L, 1L, 
1L, 1L, 1L, 1L, 1L, 1L, 1L, 1L, 1L, 1L, 1L, 1L, 1L, 1L, 1L, 1L, 
1L, 1L, 1L, 1L, 1L, 1L, 1L, 1L, 1L, 1L, 1L, 1L, 1L, 1L, 1L, 1L, 
1L, 1L, 1L, 1L, 1L, 1L, 1L, 1L, 1L, 1L, 1L, 1L, 1L, 1L, 1L, 1L, 
1L, 1L, 1L, 1L, 1L, 1L, 1L, 1L, 1L, 1L, 1L, 1L, 1L, 1L, 1L, 1L, 
1L, 1L, 1L), .Label = "2391_68586", class = "factor"), CaptureLocation = structure(c(1L, 
1L, 1L, 1L, 1L, 1L, 1L, 1L, 1L, 1L, 1L, 1L, 1L, 1L, 1L, 1L, 1L, 
1L, 1L, 1L, 1L, 1L, 1L, 1L, 1L, 1L, 1L, 1L, 1L, 1L, 1L, 1L, 1L, 
1L, 1L, 1L, 1L, 1L, 1L, 1L, 1L, 1L, 1L, 1L, 1L, 1L, 1L, 1L, 1L, 
1L, 1L, 1L, 1L, 1L, 1L, 1L, 1L, 1L, 1L, 1L, 1L, 1L, 1L, 1L, 1L, 
1L, 1L, 1L, 1L, 1L, 1L, 1L, 1L, 1L, 1L, 1L, 1L, 1L, 1L, 1L, 1L, 
1L, 1L, 1L, 1L, 1L, 1L, 1L, 1L, 1L, 1L, 1L, 1L, 1L, 1L, 1L, 1L, 
1L, 1L, 1L, 1L, 1L, 1L, 1L, 1L, 1L, 1L, 1L, 1L, 1L, 1L, 1L, 1L, 
1L, 1L, 1L, 1L, 1L, 1L, 1L, 1L, 1L, 1L, 1L, 1L, 1L, 1L, 1L, 1L, 
1L, 1L, 1L, 1L, 1L, 1L, 1L, 1L, 1L, 1L, 1L, 1L, 1L, 1L, 1L, 1L, 
1L, 1L, 1L, 1L, 1L, 1L, 1L, 1L, 1L, 1L, 1L, 1L, 1L, 1L, 1L, 1L, 
1L, 1L, 1L, 1L, 1L, 1L, 1L, 1L, 1L, 1L, 1L, 1L, 1L, 1L, 1L, 1L, 
1L, 1L, 1L, 1L, 1L, 1L, 1L, 1L, 1L, 1L, 1L, 1L, 1L, 1L, 1L, 1L, 
1L, 1L, 1L, 1L, 1L, 1L, 1L, 1L, 1L, 1L, 1L, 1L, 1L, 1L, 1L, 1L, 
1L, 1L, 1L, 1L, 1L, 1L, 1L, 1L, 1L, 1L, 1L, 1L, 1L, 1L, 1L, 1L, 
1L, 1L, 1L, 1L, 1L, 1L, 1L, 1L, 1L, 1L, 1L, 1L, 1L, 1L, 1L, 1L, 
1L, 1L, 1L, 1L, 1L, 1L, 1L, 1L, 1L, 1L, 1L, 1L, 1L, 1L, 1L, 1L, 
1L, 1L, 1L, 1L, 1L, 1L, 1L, 1L, 1L, 1L, 1L, 1L, 1L, 1L, 1L, 1L, 
1L, 1L, 1L, 1L, 1L, 1L, 1L, 1L, 1L, 1L, 1L, 1L, 1L, 1L, 1L, 1L, 
1L, 1L, 1L, 1L, 1L, 1L, 1L, 1L, 1L, 1L, 1L, 1L, 1L, 1L, 1L, 1L, 
1L, 1L, 1L, 1L, 1L, 1L, 1L, 1L, 1L, 1L, 1L, 1L, 1L, 1L, 1L, 1L, 
1L, 1L, 1L, 1L, 1L, 1L, 1L, 1L, 1L, 1L, 1L, 1L, 1L, 1L, 1L, 1L, 
1L, 1L, 1L, 1L, 1L, 1L, 1L, 1L, 1L, 1L, 1L, 1L, 1L, 1L, 1L, 1L, 
1L, 1L, 1L, 1L, 1L, 1L, 1L, 1L, 1L), .Label = "HBEF", class = "factor"), 
    Date = structure(c(1288569600, 1288569600, 1288656000, 1288656000, 
    1288742400, 1288742400, 1288828800, 1288828800, 1288915200, 
    1288915200, 1289001600, 1289001600, 1289088000, 1289088000, 
    1289174400, 1289174400, 1289260800, 1289260800, 1289347200, 
    1289347200, 1289433600, 1289433600, 1289520000, 1289520000, 
    1289606400, 1289606400, 1289692800, 1289692800, 1289779200, 
    1289779200, 1289865600, 1289865600, 1289952000, 1289952000, 
    1290038400, 1290038400, 1290124800, 1290124800, 1290211200, 
    1290211200, 1290297600, 1290297600, 1290384000, 1290384000, 
    1290470400, 1290470400, 1290556800, 1290556800, 1290643200, 
    1290643200, 1290729600, 1290729600, 1290816000, 1290816000, 
    1290902400, 1290902400, 1290988800, 1290988800, 1291075200, 
    1291075200, 1291161600, 1291161600, 1291248000, 1291248000, 
    1291334400, 1291334400, 1291420800, 1291420800, 1291507200, 
    1291507200, 1291593600, 1291593600, 1291680000, 1291680000, 
    1291766400, 1291766400, 1291852800, 1291852800, 1291939200, 
    1291939200, 1292025600, 1292025600, 1292112000, 1292112000, 
    1292198400, 1292198400, 1292284800, 1292284800, 1292371200, 
    1292371200, 1292457600, 1292457600, 1292544000, 1292544000, 
    1292630400, 1292630400, 1292716800, 1292716800, 1292803200, 
    1292803200, 1292889600, 1292889600, 1292976000, 1292976000, 
    1293062400, 1293062400, 1293148800, 1293148800, 1293235200, 
    1293235200, 1293321600, 1293321600, 1293408000, 1293408000, 
    1293494400, 1293494400, 1293580800, 1293580800, 1293667200, 
    1293667200, 1293753600, 1293753600, 1293840000, 1293840000, 
    1293926400, 1293926400, 1294012800, 1294012800, 1294099200, 
    1294099200, 1294185600, 1294185600, 1294272000, 1294272000, 
    1294358400, 1294358400, 1294444800, 1294444800, 1294531200, 
    1294531200, 1294617600, 1294617600, 1294704000, 1294704000, 
    1294790400, 1294790400, 1294876800, 1294876800, 1294963200, 
    1294963200, 1295049600, 1295049600, 1295136000, 1295136000, 
    1295222400, 1295222400, 1295308800, 1295308800, 1295395200, 
    1295395200, 1295481600, 1295481600, 1295568000, 1295568000, 
    1295654400, 1295654400, 1295740800, 1295740800, 1295827200, 
    1295827200, 1295913600, 1295913600, 1.296e+09, 1.296e+09, 
    1296086400, 1296086400, 1296172800, 1296172800, 1296259200, 
    1296259200, 1296345600, 1296345600, 1296432000, 1296432000, 
    1296518400, 1296518400, 1296604800, 1296604800, 1296691200, 
    1296691200, 1296777600, 1296777600, 1296864000, 1296864000, 
    1296950400, 1296950400, 1297036800, 1297036800, 1297123200, 
    1297123200, 1297209600, 1297209600, 1297296000, 1297296000, 
    1297382400, 1297382400, 1297468800, 1297468800, 1297555200, 
    1297555200, 1297641600, 1297641600, 1297728000, 1297728000, 
    1297814400, 1297814400, 1297900800, 1297900800, 1297987200, 
    1297987200, 1298073600, 1298073600, 1298160000, 1298160000, 
    1298246400, 1298246400, 1298332800, 1298332800, 1298419200, 
    1298419200, 1298505600, 1298505600, 1298592000, 1298592000, 
    1298678400, 1298678400, 1298764800, 1298764800, 1298851200, 
    1298851200, 1298937600, 1298937600, 1299024000, 1299024000, 
    1299110400, 1299110400, 1299196800, 1299196800, 1299283200, 
    1299283200, 1299369600, 1299369600, 1299456000, 1299456000, 
    1299542400, 1299542400, 1299628800, 1299628800, 1299715200, 
    1299715200, 1299801600, 1299801600, 1299888000, 1299888000, 
    1299974400, 1299974400, 1300060800, 1300060800, 1300147200, 
    1300147200, 1300233600, 1300233600, 1300320000, 1300320000, 
    1300406400, 1300406400, 1300492800, 1300492800, 1300579200, 
    1300579200, 1300665600, 1300665600, 1300752000, 1300752000, 
    1300838400, 1300838400, 1300924800, 1300924800, 1301011200, 
    1301011200, 1301097600, 1301097600, 1301184000, 1301184000, 
    1301270400, 1301270400, 1301356800, 1301356800, 1301443200, 
    1301443200, 1301529600, 1301529600, 1301616000, 1301616000, 
    1301702400, 1301702400, 1301788800, 1301788800, 1301875200, 
    1301875200, 1301961600, 1301961600, 1302048000, 1302048000, 
    1302134400, 1302134400, 1302220800, 1302220800, 1302307200, 
    1302307200, 1302393600, 1302393600, 1302480000, 1302480000, 
    1302566400, 1302566400, 1302652800, 1302652800, 1302739200, 
    1302739200, 1302825600, 1302825600, 1302912000, 1302912000, 
    1302998400, 1302998400, 1303084800, 1303084800, 1303171200, 
    1303171200, 1303257600, 1303257600, 1303344000, 1303344000, 
    1303430400, 1303430400, 1303516800, 1303516800, 1303603200, 
    1303603200, 1303689600, 1303689600, 1303776000, 1303776000, 
    1303862400, 1303862400, 1303948800, 1303948800, 1304035200, 
    1304035200, 1304121600, 1304121600), class = c("POSIXct", 
    "POSIXt"), tzone = "GMT"),