structure(list(BirdId = structure(c(1L, 1L, 1L, 1L, 1L, 1L, 1L, 
1L, 1L, 1L, 1L, 1L, 1L, 1L, 1L, 1L, 1L, 1L, 1L, 1L, 1L, 1L, 1L, 
1L, 1L, 1L, 1L, 1L, 1L, 1L, 1L, 1L, 1L, 1L, 1L, 1L, 1L, 1L, 1L, 
1L, 1L, 1L, 1L, 1L, 1L, 1L, 1L, 1L, 1L, 1L, 1L, 1L, 1L, 1L, 1L, 
1L, 1L, 1L, 1L, 1L, 1L, 1L, 1L, 1L, 1L, 1L, 1L, 1L, 1L, 1L, 1L, 
1L, 1L, 1L, 1L, 1L, 1L, 1L, 1L, 1L, 1L, 1L, 1L, 1L, 1L, 1L, 1L, 
1L, 1L, 1L, 1L, 1L, 1L, 1L, 1L, 1L, 1L, 1L, 1L, 1L, 1L, 1L, 1L, 
1L, 1L, 1L, 1L, 1L, 1L, 1L, 1L, 1L, 1L, 1L, 1L, 1L, 1L, 1L, 1L, 
1L, 1L, 1L, 1L, 1L, 1L, 1L, 1L, 1L, 1L, 1L, 1L, 1L, 1L, 1L, 1L, 
1L, 1L, 1L, 1L, 1L, 1L, 1L, 1L, 1L, 1L, 1L, 1L, 1L, 1L, 1L, 1L, 
1L, 1L, 1L, 1L, 1L, 1L, 1L, 1L, 1L, 1L, 1L, 1L), .Label = "2391_68594", class = "factor"), 
    CaptureLocation = structure(c(1L, 1L, 1L, 1L, 1L, 1L, 1L, 
    1L, 1L, 1L, 1L, 1L, 1L, 1L, 1L, 1L, 1L, 1L, 1L, 1L, 1L, 1L, 
    1L, 1L, 1L, 1L, 1L, 1L, 1L, 1L, 1L, 1L, 1L, 1L, 1L, 1L, 1L, 
    1L, 1L, 1L, 1L, 1L, 1L, 1L, 1L, 1L, 1L, 1L, 1L, 1L, 1L, 1L, 
    1L, 1L, 1L, 1L, 1L, 1L, 1L, 1L, 1L, 1L, 1L, 1L, 1L, 1L, 1L, 
    1L, 1L, 1L, 1L, 1L, 1L, 1L, 1L, 1L, 1L, 1L, 1L, 1L, 1L, 1L, 
    1L, 1L, 1L, 1L, 1L, 1L, 1L, 1L, 1L, 1L, 1L, 1L, 1L, 1L, 1L, 
    1L, 1L, 1L, 1L, 1L, 1L, 1L, 1L, 1L, 1L, 1L, 1L, 1L, 1L, 1L, 
    1L, 1L, 1L, 1L, 1L, 1L, 1L, 1L, 1L, 1L, 1L, 1L, 1L, 1L, 1L, 
    1L, 1L, 1L, 1L, 1L, 1L, 1L, 1L, 1L, 1L, 1L, 1L, 1L, 1L, 1L, 
    1L, 1L, 1L, 1L, 1L, 1L, 1L, 1L, 1L, 1L, 1L, 1L, 1L, 1L, 1L, 
    1L, 1L, 1L, 1L, 1L, 1L), .Label = "Florida", class = "factor"), 
    Date = structure(c(1300406400, 1300406400, 1300492800, 1300492800, 
    1300579200, 1300579200, 1300665600, 1300665600, 1300752000, 
    1300752000, 1300838400, 1300838400, 1300924800, 1300924800, 
    1301011200, 1301011200, 1301097600, 1301097600, 1301184000, 
    1301184000, 1301270400, 1301270400, 1301356800, 1301356800, 
    1301443200, 1301443200, 1301529600, 1301529600, 1301616000, 
    1301616000, 1301702400, 1301702400, 1301788800, 1301788800, 
    1301875200, 1301875200, 1301961600, 1301961600, 1302048000, 
    1302048000, 1302134400, 1302134400, 1302220800, 1302220800, 
    1302307200, 1302307200, 1302393600, 1302393600, 1302480000, 
    1302480000, 1302566400, 1302566400, 1302652800, 1302652800, 
    1302739200, 1302739200, 1302825600, 1302825600, 1302912000, 
    1302912000, 1302998400, 1302998400, 1303084800, 1303084800, 
    1303171200, 1303171200, 1303257600, 1303257600, 1303344000, 
    1303344000, 1303430400, 1303430400, 1303516800, 1303516800, 
    1303603200, 1303603200, 1303689600, 1303689600, 1303776000, 
    1303776000, 1303862400, 1303862400, 1303948800, 1303948800, 
    1304035200, 1304035200, 1304121600, 1304121600, 1320105600, 
    1320105600, 1320192000, 1320192000, 1320278400, 1320278400, 
    1320364800, 1320364800, 1320451200, 1320451200, 1320537600, 
    1320537600, 1320624000, 1320624000, 1320710400, 1320710400, 
    1320796800, 1320796800, 1320883200, 1320883200, 1320969600, 
    1320969600, 1321056000, 1321056000, 1321142400, 1321142400, 
    1321228800, 1321228800, 1321315200, 1321315200, 1321401600, 
    1321401600, 1321488000, 1321488000, 1321574400, 1321574400, 
    1321660800, 1321660800, 1321747200, 1321747200, 1321833600, 
    1321833600, 1321920000, 1321920000, 1322006400, 1322006400, 
    1322092800, 1322092800, 1322179200, 1322179200, 1322265600, 
    1322265600, 1322352000, 1322352000, 1322438400, 1322438400, 
    1322524800, 1322524800, 1322611200, 1322611200, 1322697600, 
    1322697600, 1322784000, 1322784000, 1322870400, 1322870400, 
    1322956800, 1322956800, 1323043200, 1323043200, 1323129600, 
    1323129600, 1323216000, 1323216000, 1323302400), class = c("POSIXct", 
    "POSIXt"), tzone = "GMT"), Longitude = c(-80.19, -79.97, 
    -80.26, -80.29, -80.71, -81.37, -81.03, -81.07, -81.11, -81.14, 
    -80.68, -80.84, -80.88, -80.92, -80.83, -80.99, -80.91, -80.94, 
    -80.98, -81.02, -81.43, -81.47, -80.76, -80.92, -81.08, -81.25, 
    -81.16, -81.07, -81.61, -81.89, -80.56, -80.59, -80.76, -80.92, 
    -81.2, -80.99, -83.4, -83.94, -80.85, -80.26, -77.42, -76.7, 
    -76.49, -76.15, -77.18, -77.72, -77.13, -78.16, -77.07, -77.23, 
    -77.13, -77.54, -78.32, -78.35, -76.89, -76.79, -76.7, -76.6, 
    -78.01, -78.29, -76.57, -76.97, -77.25, -77.15, -76.93, -76.83, 
    -77.11, -77.64, -77.41, -77.94, -77.96, -76.74, -77.26, -78.16, 
    -76.93, -76.58, -76.73, -76.87, -76.9, -77.29, -77.44, -76.46, 
    -76.72, -77.99, -77.26, -77.4, -77.3, -76.94, -80.72, -80.72, 
    -80.35, -80.48, -80.35, -80.23, -79.85, -79.35, -79.85, -80.35, 
    -80.72, -80.59, -80.08, -80.07, -80.19, -80.18, -80.43, -80.91, 
    -81.03, -80.02, -79.75, -80.24, -80.85, -80.21, -80.19, -80.05, 
    -80.16, -80.39, -79.87, -79.48, -79.95, -80.56, -81.28, -81.51, 
    -80.73, -79.83, -80.06, -79.9, -80.13, -80.47, -80.32, -80.28, 
    -80.13, -80.1, -80.56, -80.4, -79.87, -79.96, -80.17, -79.76, 
    -79.59, -79.93, -79.76, -79.6, -80.31, -80.14, -80.47, -80.68, 
    -80.51, -80.46, -80.92, -80.37, -81.08, -81.53, -80.6, -80.56, 
    -81.13, -81.08, -80.16, -79.85, -79.8, -80, -80.2, -80.39, 
    -80.96), Latitude = c(50.54, 43.94, 35.63, 32.28, 11.57, 
    32.26, 36.52, 34.32, 32.25, 30.32, 35.49, 35.3, 33.73, 32.24, 
    32.24, 32.24, 32.24, 31.03, 29.89, 28.8, 23.97, 23.04, 29.21, 
    29.33, 27.42, 27.6, 27.77, 26.03, 21.25, 22.65, 31.49, 30.77, 
    29.33, 29.41, 27.27, 25.12, 6.87, 10.79, 30.41, 26.55, 39.01, 
    35.51, 35.95, 33.89, 29, 30.73, 32.83, 36.09, 39.34, 39.24, 
    39.13, 39.77, 37.03, 36.57, 40.51, 39.72, 39.63, 38.86, 34.43, 
    34.79, 39.28, 39.83, 38.81, 38.1, 38.36, 37.67, 36.66, 37.57, 
    37.82, 38.66, 38.31, 34.94, 33.32, 35.22, 37.84, 36.67, 36.07, 
    36.06, 35.75, 36.3, 35.73, 33.14, 32.26, 34.88, 36.23, 36.22, 
    36.21, 35.16, 30.92, 30.59, 29.02, 28.31, 27.6, 27.73, 26.22, 
    27.59, 28.91, 27.07, 27.99, 28.11, 26.33, 26.1, 26.25, 26.03, 
    26.55, 24.85, 25.01, 27.7, 26.77, 25.14, 26.71, 28.22, 28.02, 
    28.15, 28.28, 27.43, 25.92, 26.74, 27.85, 26.06, 27.81, 27.01, 
    24.93, 26.99, 27.45, 27.6, 28.04, 26.98, 26.53, 26.39, 25.95, 
    25.81, 26.87, 27.02, 25.72, 25.3, 25.77, 26.51, 26.11, 25.13, 
    24.73, 24.91, 26.5, 26.67, 27.39, 26.74, 26.37, 26.27, 27.25, 
    28.22, 29.68, 28.55, 26.62, 26.54, 27.77, 27.69, 25.78, 26.23, 
    26.16, 25.57, 26.02, 25.44, 26.67)), .Names = c("BirdId", 
"CaptureLocation", "Date", "Longitude", "Latitude"), row.names = c(NA, 
-163L), class = "data.frame")
