structure(list(BirdId = structure(c(1L, 1L, 1L, 1L, 1L, 1L, 1L, 
1L, 1L, 1L, 1L, 1L, 1L, 1L, 1L, 1L, 1L, 1L, 1L, 1L, 1L, 1L, 1L, 
1L, 1L, 1L, 1L, 1L, 1L, 1L, 1L, 1L, 1L, 1L, 1L, 1L, 1L, 1L, 1L, 
1L, 1L, 1L, 1L, 1L, 1L, 1L, 1L, 1L, 1L, 1L, 1L, 1L, 1L, 1L, 1L, 
1L, 1L, 1L, 1L, 1L, 1L, 1L, 1L, 1L, 1L, 1L, 1L, 1L, 1L, 1L, 1L, 
1L, 1L, 1L, 1L, 1L, 1L, 1L, 1L, 1L, 1L, 1L, 1L, 1L, 1L, 1L, 1L, 
1L, 1L, 1L, 1L, 1L, 1L, 1L, 1L, 1L, 1L, 1L, 1L, 1L, 1L, 1L, 1L, 
1L, 1L, 1L, 1L, 1L, 1L, 1L, 1L, 1L, 1L, 1L, 1L, 1L, 1L, 1L, 1L, 
1L, 1L, 1L, 1L, 1L, 1L, 1L, 1L, 1L, 1L, 1L, 1L, 1L, 1L, 1L, 1L, 
1L, 1L, 1L, 1L, 1L, 1L, 1L, 1L, 1L, 1L, 1L, 1L, 1L, 1L, 1L, 1L, 
1L, 1L, 1L, 1L, 1L, 1L, 1L, 1L, 1L, 1L, 1L, 1L, 1L, 1L), .Label = "2391_68592", class = "factor"), 
    CaptureLocation = structure(c(1L, 1L, 1L, 1L, 1L, 1L, 1L, 
    1L, 1L, 1L, 1L, 1L, 1L, 1L, 1L, 1L, 1L, 1L, 1L, 1L, 1L, 1L, 
    1L, 1L, 1L, 1L, 1L, 1L, 1L, 1L, 1L, 1L, 1L, 1L, 1L, 1L, 1L, 
    1L, 1L, 1L, 1L, 1L, 1L, 1L, 1L, 1L, 1L, 1L, 1L, 1L, 1L, 1L, 
    1L, 1L, 1L, 1L, 1L, 1L, 1L, 1L, 1L, 1L, 1L, 1L, 1L, 1L, 1L, 
    1L, 1L, 1L, 1L, 1L, 1L, 1L, 1L, 1L, 1L, 1L, 1L, 1L, 1L, 1L, 
    1L, 1L, 1L, 1L, 1L, 1L, 1L, 1L, 1L, 1L, 1L, 1L, 1L, 1L, 1L, 
    1L, 1L, 1L, 1L, 1L, 1L, 1L, 1L, 1L, 1L, 1L, 1L, 1L, 1L, 1L, 
    1L, 1L, 1L, 1L, 1L, 1L, 1L, 1L, 1L, 1L, 1L, 1L, 1L, 1L, 1L, 
    1L, 1L, 1L, 1L, 1L, 1L, 1L, 1L, 1L, 1L, 1L, 1L, 1L, 1L, 1L, 
    1L, 1L, 1L, 1L, 1L, 1L, 1L, 1L, 1L, 1L, 1L, 1L, 1L, 1L, 1L, 
    1L, 1L, 1L, 1L, 1L, 1L, 1L, 1L), .Label = "Florida", class = "factor"), 
    Date = structure(c(1L, 1L, 2L, 2L, 3L, 3L, 4L, 4L, 5L, 5L, 
    6L, 6L, 7L, 7L, 8L, 8L, 9L, 9L, 10L, 10L, 11L, 11L, 12L, 
    12L, 13L, 13L, 14L, 14L, 15L, 15L, 16L, 16L, 17L, 17L, 18L, 
    18L, 19L, 19L, 20L, 20L, 21L, 21L, 22L, 22L, 23L, 23L, 24L, 
    24L, 25L, 25L, 26L, 26L, 27L, 27L, 28L, 28L, 29L, 29L, 30L, 
    30L, 31L, 31L, 32L, 32L, 33L, 33L, 34L, 34L, 35L, 35L, 36L, 
    36L, 37L, 37L, 38L, 38L, 39L, 39L, 40L, 40L, 41L, 41L, 42L, 
    42L, 43L, 43L, 44L, 44L, 45L, 45L, 46L, 46L, 47L, 47L, 48L, 
    48L, 49L, 49L, 50L, 50L, 51L, 51L, 52L, 52L, 53L, 53L, 54L, 
    54L, 55L, 55L, 56L, 56L, 57L, 57L, 58L, 58L, 59L, 59L, 60L, 
    60L, 61L, 61L, 62L, 62L, 63L, 63L, 64L, 64L, 65L, 65L, 66L, 
    66L, 67L, 67L, 68L, 68L, 69L, 69L, 70L, 70L, 71L, 71L, 72L, 
    72L, 73L, 73L, 74L, 74L, 75L, 75L, 76L, 76L, 77L, 77L, 78L, 
    78L, 79L, 79L, 80L, 80L, 81L, 81L, 82L, 82L, 83L), .Label = c("2011-03-17", 
    "2011-03-18", "2011-03-19", "2011-03-20", "2011-03-21", "2011-03-22", 
    "2011-03-23", "2011-03-24", "2011-03-25", "2011-03-26", "2011-03-27", 
    "2011-03-28", "2011-03-29", "2011-03-30", "2011-03-31", "2011-04-01", 
    "2011-04-02", "2011-04-03", "2011-04-04", "2011-04-05", "2011-04-06", 
    "2011-04-07", "2011-04-08", "2011-04-09", "2011-04-10", "2011-04-11", 
    "2011-04-12", "2011-04-13", "2011-04-14", "2011-04-15", "2011-04-16", 
    "2011-04-17", "2011-04-18", "2011-04-19", "2011-04-20", "2011-04-21", 
    "2011-04-22", "2011-04-23", "2011-04-24", "2011-04-25", "2011-04-26", 
    "2011-04-27", "2011-04-28", "2011-04-29", "2011-04-30", "2011-11-01", 
    "2011-11-02", "2011-11-03", "2011-11-04", "2011-11-05", "2011-11-06", 
    "2011-11-07", "2011-11-08", "2011-11-09", "2011-11-10", "2011-11-11", 
    "2011-11-12", "2011-11-13", "2011-11-14", "2011-11-15", "2011-11-16", 
    "2011-11-17", "2011-11-18", "2011-11-19", "2011-11-20", "2011-11-21", 
    "2011-11-22", "2011-11-23", "2011-11-24", "2011-11-25", "2011-11-26", 
    "2011-11-27", "2011-11-28", "2011-11-29", "2011-11-30", "2011-12-01", 
    "2011-12-02", "2011-12-03", "2011-12-04", "2011-12-05", "2011-12-06", 
    "2011-12-07", "2011-12-08"), class = "factor"), Longitude = c(-81.11, 
    -80.9, -80.94, -80.97, -80.38, -80.54, -80.83, -81.24, -81.28, 
    -81.32, -81.11, -81.39, -81.3, -81.09, -81, -81.42, -80.83, 
    -80.87, -81.16, -81.32, -81.11, -81.02, -81.18, -81.34, -81.26, 
    -81.3, -81.21, -81.37, -80.53, -80.7, -80.98, -81.14, -81.43, 
    -81.34, -81.13, -81.42, -81.33, -81.24, -84.03, -85.69, -81.6, 
    -81.63, -80.29, -79.95, -80.24, -79.9, -80.31, -79.47, -79.13, 
    -80.16, -78.57, -77.98, -77.76, -77.79, -77.95, -77.73, -77.64, 
    -77.67, -76.95, -77.1, -77.88, -78.66, -77.69, -77.35, -77.25, 
    -77.03, -76.68, -77.08, -77.36, -77.51, -77.66, -78.44, -77.84, 
    -76.36, -77.89, -78.78, -76.93, -76.83, -76.6, -76.87, -77.77, 
    -77.04, -76.44, -77.33, -77.47, -77.62, -76.76, -77.03, -76.3, 
    -76.31, -80.22, -80.72, -81.22, -80.85, -80.35, -80.23, -80.23, 
    -79.98, -79.97, -79.47, -79.47, -79.09, -79.21, -80.07, -80.19, 
    -78.68, -78.68, -80.04, -80.03, -79.14, -79.25, -79.12, -79.35, 
    -79.59, -80.32, -80.8, -81.16, -81.14, -80.25, -80.23, -80.45, 
    -80.68, -80.91, -80.38, -80.11, -78.96, -79.18, -80.65, -80.13, 
    -80.1, -81.32, -81.28, -81.5, -80.97, -80.06, -80.4, -80.49, 
    -79.83, -80.29, -80.26, -79.72, -80.3, -81.26, -81.22, -81.93, 
    -81.77, -80.85, -80.8, -81.13, -80.09, -80.42, -80.87, -80.95, 
    -81.53, -80.85, -80.56, -80.13, -80.08, -81.28, -80.85, -80.55, 
    -80, -80.45, -79.64, -79.21), Latitude = c(46.07, 90, 90, 
    90, 35.56, 35.08, 20.54, 31.31, 28.19, 25.37, -43.66, 31.63, 
    31.68, 25.36, 25.91, -66.62, 36.1, 34.62, 30.45, 30.55, 31.9, 
    29.45, 27.04, 27.28, 27.5, 26.55, 26.78, 27, 32.9, 32.88, 
    30.32, 30.38, 27.88, 26.27, 27.32, 28.28, 28.41, 26.98, 5.47, 
    18.28, 39.99, 39.35, 43.69, 41.81, 40.33, 38.38, 36.37, 32.23, 
    33.29, 36.63, 41.53, 39.05, 39.34, 38.85, 37.97, 36.69, 36.63, 
    36.18, 38.05, 37.98, 35.27, 37.12, 39.49, 38.06, 38, 36.92, 
    37.55, 38.16, 37.13, 37.08, 36.39, 37.94, 39.09, 35.02, 30.53, 
    32.69, 37.14, 36.52, 36.79, 37.05, 34.68, 32.51, 33.78, 35.56, 
    34.98, 34.98, 36.64, 36.89, 38.16, 37.88, 25.49, 23.44, 24.94, 
    25.96, 24, 24.18, 23.94, 24.53, 24.29, 25.66, 25.42, 26.34, 
    26.49, 23.58, 23.76, 27.99, 27.76, 23.54, 23.35, 25.69, 25.84, 
    25.99, 26.49, 25.61, 27.44, 25.91, 26.72, 26.54, 24.04, 23.88, 
    24.38, 23.56, 24.07, 25.2, 24.41, 27.07, 27.51, 23.66, 22.25, 
    22.13, 25.1, 24.97, 25.43, 26.48, 24.28, 23.26, 23.44, 24.8, 
    25.84, 25.72, 24.46, 22.9, 25.09, 24.99, 26.55, 26.71, 24.68, 
    24.59, 25.32, 27.37, 28.06, 26.92, 27.09, 25.68, 24.26, 24.72, 
    23.84, 23.76, 26.33, 27.03, 26.45, 27.39, 28.32, 29.71, 28.92
    )), .Names = c("BirdId", "CaptureLocation", "Date", "Longitude", 
"Latitude"), row.names = c(NA, -165L), class = "data.frame")
