structure(list(BirdId = structure(c(1L, 1L, 1L, 1L, 1L, 1L, 1L, 
1L, 1L, 1L, 1L, 1L, 1L, 1L, 1L, 1L, 1L, 1L, 1L, 1L, 1L, 1L, 1L, 
1L, 1L, 1L, 1L, 1L, 1L, 1L, 1L, 1L, 1L, 1L, 1L, 1L, 1L, 1L, 1L, 
1L, 1L, 1L, 1L, 1L, 1L, 1L, 1L, 1L, 1L, 1L, 1L, 1L, 1L, 1L, 1L, 
1L, 1L, 1L, 1L, 1L, 1L, 1L, 1L, 1L, 1L, 1L, 1L, 1L, 1L, 1L, 1L, 
1L, 1L, 1L, 1L, 1L, 1L, 1L, 1L, 1L, 1L, 1L, 1L, 1L, 1L, 1L, 1L, 
1L, 1L, 1L, 1L, 1L, 1L, 1L, 1L, 1L, 1L, 1L, 1L, 1L, 1L, 1L, 1L, 
1L, 1L, 1L, 1L, 1L, 1L, 1L, 1L, 1L, 1L, 1L, 1L, 1L, 1L, 1L, 1L, 
1L, 1L, 1L, 1L, 1L, 1L, 1L, 1L, 1L, 1L, 1L, 1L, 1L, 1L), .Label = "2391_69133", class = "factor"), 
    CaptureLocation = structure(c(1L, 1L, 1L, 1L, 1L, 1L, 1L, 
    1L, 1L, 1L, 1L, 1L, 1L, 1L, 1L, 1L, 1L, 1L, 1L, 1L, 1L, 1L, 
    1L, 1L, 1L, 1L, 1L, 1L, 1L, 1L, 1L, 1L, 1L, 1L, 1L, 1L, 1L, 
    1L, 1L, 1L, 1L, 1L, 1L, 1L, 1L, 1L, 1L, 1L, 1L, 1L, 1L, 1L, 
    1L, 1L, 1L, 1L, 1L, 1L, 1L, 1L, 1L, 1L, 1L, 1L, 1L, 1L, 1L, 
    1L, 1L, 1L, 1L, 1L, 1L, 1L, 1L, 1L, 1L, 1L, 1L, 1L, 1L, 1L, 
    1L, 1L, 1L, 1L, 1L, 1L, 1L, 1L, 1L, 1L, 1L, 1L, 1L, 1L, 1L, 
    1L, 1L, 1L, 1L, 1L, 1L, 1L, 1L, 1L, 1L, 1L, 1L, 1L, 1L, 1L, 
    1L, 1L, 1L, 1L, 1L, 1L, 1L, 1L, 1L, 1L, 1L, 1L, 1L, 1L, 1L, 
    1L, 1L, 1L, 1L, 1L, 1L), .Label = "Jamaica", class = "factor"), 
    Date = structure(c(1268438400, 1268438400, 1268524800, 1268524800, 
    1268611200, 1268611200, 1268697600, 1268697600, 1268784000, 
    1268784000, 1268870400, 1268870400, 1268956800, 1268956800, 
    1269043200, 1269043200, 1269129600, 1269129600, 1269216000, 
    1269216000, 1269302400, 1269302400, 1269388800, 1269388800, 
    1269475200, 1269475200, 1269561600, 1269561600, 1269648000, 
    1269648000, 1269734400, 1269734400, 1269820800, 1269820800, 
    1269907200, 1269907200, 1269993600, 1269993600, 1270080000, 
    1270080000, 1270166400, 1270166400, 1270252800, 1270252800, 
    1270339200, 1270339200, 1270425600, 1270425600, 1270512000, 
    1270512000, 1270598400, 1270598400, 1270684800, 1270684800, 
    1270771200, 1270771200, 1270857600, 1270857600, 1270944000, 
    1270944000, 1271030400, 1271030400, 1271116800, 1271116800, 
    1271203200, 1271203200, 1271289600, 1271289600, 1271376000, 
    1271376000, 1271462400, 1271462400, 1271548800, 1271548800, 
    1271635200, 1271635200, 1271721600, 1271721600, 1271808000, 
    1271808000, 1271894400, 1271894400, 1271980800, 1271980800, 
    1272067200, 1272067200, 1272153600, 1272153600, 1272240000, 
    1272240000, 1272326400, 1272326400, 1272412800, 1272412800, 
    1272499200, 1272499200, 1272585600, 1272585600, 1288569600, 
    1288569600, 1288656000, 1288656000, 1288742400, 1288742400, 
    1288828800, 1288828800, 1288915200, 1288915200, 1289001600, 
    1289001600, 1289088000, 1289088000, 1289174400, 1289174400, 
    1289260800, 1289260800, 1289347200, 1289347200, 1289433600, 
    1289433600, 1289520000, 1289520000, 1289606400, 1289606400, 
    1289692800, 1289692800, 1289779200, 1289779200, 1289865600, 
    1289865600, 1289952000, 1289952000, 1290038400), class = c("POSIXct", 
    "POSIXt"), tzone = "GMT"), Longitude = c(-77.98, -77.88, 
    -77.54, -77.7, -78.24, -78.4, -77.56, -77.72, -77.63, -77.67, 
    -77.95, -77.86, -77.78, -78.06, -78.1, -77.64, -77.8, -78.09, 
    -78, -77.91, -77.32, -77.48, -77.65, -76.94, -76.72, -77.64, 
    -78.17, -77.84, -77.5, -77.66, -77.57, -77.99, -78.28, -78.31, 
    -78.1, -78.14, -78.05, -77.71, -77.63, -77.29, -77.32, -78.24, 
    -78.15, -77.81, -77.6, -77.63, -77.54, -78.08, -78.11, -77.65, 
    -77.56, -78.22, -78.01, -77.67, -77.7, -77.23, -77.14, -77.93, 
    -77.71, -77.24, -77.52, -78.31, -77.96, -77.87, -78.03, -78.18, 
    -78.09, -77.74, -77.65, -77.55, -77.33, -77.61, -77.89, -78.17, 
    -77.94, -78.1, -78.25, -78.4, -77.8, -77.82, -77.72, -77.5, 
    -77.77, -77.92, -77.94, -78.09, -77.61, -77.51, -77.66, -77.93, 
    -78.32, -78.34, -77.61, -77.25, -77.52, -77.79, -77.68, -77.95, 
    -76.47, -77.22, -77.48, -76.98, -78.23, -77.23, -75.6, -76.97, 
    -79.22, -78.59, -76.59, -76.96, -77.95, -78.7, -78.56, -78.3, 
    -77.17, -77.03, -77.27, -76.51, -78.25, -75.73, -74.72, -77.95, 
    -79.56, -79.79, -77.53, -78.01, -79.99, -79.71, -77.69, -77.17, 
    -80.02, -79.37, -75.85), Latitude = c(13.1, 58.11, 59.01, 
    56.16, 90, 90, 51.41, 49.7, 48.2, 44.99, 36.72, -8.89, 29.85, 
    33.01, 30.36, 8.92, 90, 11.93, 14.8, 8.93, -45.61, -49.97, 
    -51.32, -42.41, 8.19, 22.61, -61.99, -61.93, 12.51, 13.69, 
    14.72, 18.6, 14.96, 14.34, 16.52, 15.91, 16.58, 12.25, 13.07, 
    8.86, 8.54, 16.19, 16.74, 13.22, 14.85, 14.44, 14.99, 18.13, 
    17.7, 13.88, 14.4, 18.07, 19.18, 16.56, 16.21, 12.84, 13.32, 
    17.34, 18.35, 15.33, 13.67, 17.37, 18.91, 17.99, 17.09, 17.4, 
    17.7, 15.67, 16, 15.17, 16.06, 16.91, 15.58, 16.42, 17.23, 
    17.5, 16.75, 17.02, 19.2, 18.96, 19.18, 18.03, 16.89, 17.14, 
    16.93, 17.18, 18.72, 18.08, 17.45, 18.1, 16.64, 16.46, 18.74, 
    17.34, 16.35, 16.98, 17.21, 17.82, 30.47, 27.57, 28.14, 29.52, 
    33.19, 35.84, 30.63, 25.92, 32.69, 34.2, 27.96, 26.54, 29.35, 
    26.83, 26.22, 26.75, 23.1, 23.29, 23.86, 25.88, 30.57, 36.65, 
    33.98, 25.1, 29.35, 28.48, 22.08, 20.5, 25.91, 26.4, 20.78, 
    22.03, 29.39, 30.72, 21.61)), .Names = c("BirdId", "CaptureLocation", 
"Date", "Longitude", "Latitude"), row.names = c(NA, -133L), class = "data.frame")
