structure(list(BirdId = structure(c(1L, 1L, 1L, 1L, 1L, 1L, 1L, 
1L, 1L, 1L, 1L, 1L, 1L, 1L, 1L, 1L, 1L, 1L, 1L, 1L, 1L, 1L, 1L, 
1L, 1L, 1L, 1L, 1L, 1L, 1L, 1L, 1L, 1L, 1L, 1L, 1L, 1L, 1L, 1L, 
1L, 1L, 1L, 1L, 1L, 1L, 1L, 1L, 1L, 1L, 1L, 1L, 1L, 1L, 1L, 1L, 
1L, 1L, 1L, 1L, 1L, 1L, 1L, 1L, 1L, 1L, 1L, 1L, 1L, 1L, 1L, 1L, 
1L, 1L, 1L, 1L, 1L, 1L, 1L, 1L, 1L, 1L, 1L, 1L, 1L, 1L, 1L, 1L, 
1L, 1L, 1L, 1L, 1L, 1L, 1L, 1L, 1L, 1L, 1L, 1L, 1L, 1L, 1L, 1L, 
1L, 1L, 1L, 1L, 1L, 1L, 1L, 1L, 1L, 1L, 1L, 1L, 1L, 1L, 1L, 1L, 
1L, 1L, 1L, 1L, 1L, 1L, 1L, 1L, 1L, 1L, 1L, 1L, 1L, 1L, 1L, 1L, 
1L, 1L, 1L, 1L, 1L, 1L, 1L, 1L, 1L, 1L, 1L, 1L, 1L, 1L, 1L, 1L, 
1L, 1L, 1L, 1L, 1L, 1L, 1L, 1L, 1L, 1L, 1L, 1L, 1L, 1L, 1L, 1L, 
1L, 1L, 1L, 1L, 1L, 1L, 1L, 1L, 1L, 1L, 1L, 1L, 1L, 1L, 1L, 1L, 
1L, 1L, 1L, 1L, 1L, 1L, 1L, 1L, 1L, 1L, 1L, 1L, 1L, 1L, 1L, 1L, 
1L, 1L, 1L, 1L, 1L, 1L, 1L, 1L, 1L, 1L, 1L, 1L, 1L, 1L, 1L, 1L, 
1L, 1L, 1L, 1L, 1L, 1L, 1L, 1L, 1L), .Label = "2391_69058", class = "factor"), 
    CaptureLocation = structure(c(1L, 1L, 1L, 1L, 1L, 1L, 1L, 
    1L, 1L, 1L, 1L, 1L, 1L, 1L, 1L, 1L, 1L, 1L, 1L, 1L, 1L, 1L, 
    1L, 1L, 1L, 1L, 1L, 1L, 1L, 1L, 1L, 1L, 1L, 1L, 1L, 1L, 1L, 
    1L, 1L, 1L, 1L, 1L, 1L, 1L, 1L, 1L, 1L, 1L, 1L, 1L, 1L, 1L, 
    1L, 1L, 1L, 1L, 1L, 1L, 1L, 1L, 1L, 1L, 1L, 1L, 1L, 1L, 1L, 
    1L, 1L, 1L, 1L, 1L, 1L, 1L, 1L, 1L, 1L, 1L, 1L, 1L, 1L, 1L, 
    1L, 1L, 1L, 1L, 1L, 1L, 1L, 1L, 1L, 1L, 1L, 1L, 1L, 1L, 1L, 
    1L, 1L, 1L, 1L, 1L, 1L, 1L, 1L, 1L, 1L, 1L, 1L, 1L, 1L, 1L, 
    1L, 1L, 1L, 1L, 1L, 1L, 1L, 1L, 1L, 1L, 1L, 1L, 1L, 1L, 1L, 
    1L, 1L, 1L, 1L, 1L, 1L, 1L, 1L, 1L, 1L, 1L, 1L, 1L, 1L, 1L, 
    1L, 1L, 1L, 1L, 1L, 1L, 1L, 1L, 1L, 1L, 1L, 1L, 1L, 1L, 1L, 
    1L, 1L, 1L, 1L, 1L, 1L, 1L, 1L, 1L, 1L, 1L, 1L, 1L, 1L, 1L, 
    1L, 1L, 1L, 1L, 1L, 1L, 1L, 1L, 1L, 1L, 1L, 1L, 1L, 1L, 1L, 
    1L, 1L, 1L, 1L, 1L, 1L, 1L, 1L, 1L, 1L, 1L, 1L, 1L, 1L, 1L, 
    1L, 1L, 1L, 1L, 1L, 1L, 1L, 1L, 1L, 1L, 1L, 1L, 1L, 1L, 1L, 
    1L, 1L, 1L, 1L, 1L, 1L, 1L), .Label = "Jamaica", class = "factor"), 
    Date = structure(c(1301011200, 1301788800, 1301788800, 1301875200, 
    1301875200, 1301961600, 1301961600, 1302048000, 1302048000, 
    1302134400, 1302134400, 1302220800, 1302220800, 1302307200, 
    1302307200, 1302393600, 1302393600, 1302480000, 1302480000, 
    1302566400, 1302566400, 1302652800, 1302652800, 1302739200, 
    1302739200, 1302825600, 1302825600, 1302912000, 1302912000, 
    1302998400, 1302998400, 1303084800, 1303084800, 1303171200, 
    1303171200, 1303257600, 1303257600, 1303344000, 1303344000, 
    1303430400, 1303430400, 1303516800, 1303516800, 1303603200, 
    1303603200, 1303689600, 1303689600, 1303776000, 1303776000, 
    1303862400, 1303862400, 1303948800, 1303948800, 1304035200, 
    1304035200, 1304121600, 1304121600, 1320105600, 1320105600, 
    1320192000, 1320192000, 1320278400, 1320278400, 1320364800, 
    1320364800, 1320451200, 1320451200, 1320537600, 1320537600, 
    1320624000, 1320624000, 1320710400, 1320710400, 1320796800, 
    1320796800, 1320883200, 1320883200, 1320969600, 1320969600, 
    1321056000, 1321056000, 1321142400, 1321142400, 1321228800, 
    1321228800, 1321315200, 1321315200, 1321401600, 1321401600, 
    1321488000, 1321488000, 1321574400, 1321574400, 1321660800, 
    1321660800, 1321747200, 1321747200, 1321833600, 1321833600, 
    1321920000, 1321920000, 1322006400, 1322006400, 1322092800, 
    1322092800, 1322179200, 1322179200, 1322265600, 1322265600, 
    1322352000, 1322352000, 1322438400, 1322438400, 1322524800, 
    1322524800, 1322611200, 1322611200, 1322697600, 1322697600, 
    1322784000, 1322784000, 1322870400, 1322870400, 1322956800, 
    1322956800, 1323043200, 1323043200, 1323129600, 1323129600, 
    1323216000, 1323216000, 1323302400, 1323302400, 1323388800, 
    1323388800, 1323475200, 1323475200, 1323561600, 1323561600, 
    1323648000, 1323648000, 1323734400, 1323734400, 1323820800, 
    1323820800, 1323907200, 1323907200, 1323993600, 1323993600, 
    1324080000, 1324080000, 1324166400, 1324166400, 1324252800, 
    1324252800, 1324339200, 1324339200, 1324425600, 1324425600, 
    1324512000, 1324512000, 1324598400, 1324598400, 1324684800, 
    1324684800, 1324771200, 1324771200, 1324857600, 1324857600, 
    1324944000, 1324944000, 1325030400, 1325030400, 1325116800, 
    1325116800, 1325203200, 1325203200, 1325289600, 1325289600, 
    1325376000, 1325376000, 1325462400, 1325462400, 1325548800, 
    1325548800, 1325635200, 1325635200, 1325721600, 1325721600, 
    1325808000, 1325808000, 1325894400, 1325894400, 1325980800, 
    1325980800, 1326067200, 1326067200, 1326153600, 1326153600, 
    1326240000, 1326240000, 1326326400, 1326326400, 1326412800, 
    1326412800, 1326499200, 1326499200, 1326585600, 1326585600, 
    1326672000, 1326672000, 1326758400, 1326758400, 1326844800, 
    1326844800, 1326931200, 1326931200, 1327017600, 1327017600, 
    1327104000, 1327104000, 1327190400, 1327190400, 1327276800
    ), class = c("POSIXct", "POSIXt"), tzone = "GMT"), Longitude = c(-112.96, 
    -77.88, -78.67, -77.83, -77.49, -77.9, -77.94, -77.97, -78.51, 
    -77.92, -77.83, -77.49, -76.77, -76.56, -77.72, -77.63, -77.16, 
    -77.32, -77.73, -77.76, -77.79, -77.57, -76.23, -76.51, -76.17, 
    -76.7, -78.48, -77.51, -77.29, -77.32, -77.97, -78.5, -78.4, 
    -77.68, -76.83, -76.73, -77.01, -78.04, -77.94, -77.34, -77.61, 
    -77.64, -77.66, -77.81, -77.71, -77.1, -80.12, -81.52, -80.67, 
    -80.69, -81.08, -81.6, -80.37, -80.01, -82.53, -82.05, -82.81, 
    -77.47, -77.47, -77.35, -76.98, -76.73, -77.48, -77.6, -77.6, 
    -77.97, -77.97, -78.22, -78.09, -77.96, -77.2, -77.44, -76.81, 
    -76.55, -77.29, -77.53, -77.52, -77.75, -76.24, -76.48, -75.96, 
    -75.57, -77.93, -77.41, -75.39, -76, -77.73, -77.7, -78.06, 
    -78.03, -77.01, -76.98, -78.08, -78.06, -77.9, -77.88, -77.1, 
    -77.69, -78.04, -77.63, -77.47, -77.69, -77.53, -79.37, -79.21, 
    -78.17, -77.88, -77.72, -78.18, -77.64, -77.6, -77.31, -76.77, 
    -76.85, -77.05, -77.14, -76.59, -77.92, -78.62, -78.2, -78.28, 
    -77.86, -77.56, -77.51, -77.21, -77.28, -78.1, -77.68, -78, 
    -78.2, -78.14, -78.21, -77.28, -77.23, -77.67, -77.99, -78.19, 
    -78, -77.95, -78.89, -78.71, -78.65, -78.34, -77.65, -77.72, 
    -78.41, -78.35, -78.66, -78.6, -78.29, -78.23, -78.67, -78.86, 
    -78.8, -78.99, -78.55, -78.74, -79.18, -78.99, -78.93, -78.74, 
    -78.8, -78.99, -78.93, -78.87, -79.8, -80.24, -78.05, -77.74, 
    -79.31, -79.12, -78.56, -79, -80.06, -79.37, -79.06, -79.5, 
    -78.19, -78.51, -77.57, -76.77, -78.46, -78.9, -76.96, -77.28, 
    -78.72, -78.17, -77.86, -78.18, -78.5, -78.94, -77.89, -77.71, 
    -77.41, -77.1, -78.67, -79.12, -77.7, -76.89, -77.22, -77.42, 
    -77.12, -77.7, -77.65, -77.73, -78.68, -79.01, -79.71, -79.29, 
    -78.37, -78.58, -78.41, -78.5, -79.08, -78.92, -78.38, -78.84, 
    -78.67, -78.89, -79.1, -78.56, -78.28, -78.5, -76.96),