structure(list(BirdId = structure(c(1L, 1L, 1L, 1L, 1L, 1L, 1L, 
1L, 1L, 1L, 1L, 1L, 1L, 1L, 1L, 1L, 1L, 1L, 1L, 1L, 1L, 1L, 1L, 
1L, 1L, 1L, 1L, 1L, 1L, 1L, 1L, 1L, 1L, 1L, 1L, 1L, 1L, 1L, 1L, 
1L, 1L, 1L, 1L, 1L, 1L, 1L, 1L, 1L, 1L, 1L, 1L, 1L, 1L, 1L, 1L, 
1L, 1L, 1L, 1L, 1L, 1L, 1L, 1L, 1L, 1L, 1L, 1L, 1L, 1L, 1L, 1L, 
1L, 1L, 1L, 1L, 1L, 1L, 1L, 1L, 1L, 1L, 1L, 1L, 1L, 1L, 1L, 1L, 
1L, 1L, 1L, 1L, 1L, 1L, 1L, 1L, 1L, 1L, 1L, 1L, 1L, 1L, 1L, 1L, 
1L, 1L, 1L, 1L, 1L, 1L, 1L, 1L, 1L, 1L, 1L, 1L, 1L, 1L, 1L, 1L, 
1L, 1L, 1L, 1L, 1L, 1L, 1L, 1L, 1L, 1L, 1L, 1L, 1L, 1L, 1L, 1L, 
1L, 1L, 1L, 1L, 1L, 1L, 1L, 1L, 1L, 1L, 1L, 1L, 1L, 1L, 1L, 1L, 
1L, 1L, 1L, 1L, 1L, 1L, 1L, 1L, 1L, 1L, 1L, 1L, 1L, 1L), .Label = "2391_68592", class = "factor"), 
    CaptureLocation = structure(c(1L, 1L, 1L, 1L, 1L, 1L, 1L, 
    1L, 1L, 1L, 1L, 1L, 1L, 1L, 1L, 1L, 1L, 1L, 1L, 1L, 1L, 1L, 
    1L, 1L, 1L, 1L, 1L, 1L, 1L, 1L, 1L, 1L, 1L, 1L, 1L, 1L, 1L, 
    1L, 1L, 1L, 1L, 1L, 1L, 1L, 1L, 1L, 1L, 1L, 1L, 1L, 1L, 1L, 
    1L, 1L, 1L, 1L, 1L, 1L, 1L, 1L, 1L, 1L, 1L, 1L, 1L, 1L, 1L, 
    1L, 1L, 1L, 1L, 1L, 1L, 1L, 1L, 1L, 1L, 1L, 1L, 1L, 1L, 1L, 
    1L, 1L, 1L, 1L, 1L, 1L, 1L, 1L, 1L, 1L, 1L, 1L, 1L, 1L, 1L, 
    1L, 1L, 1L, 1L, 1L, 1L, 1L, 1L, 1L, 1L, 1L, 1L, 1L, 1L, 1L, 
    1L, 1L, 1L, 1L, 1L, 1L, 1L, 1L, 1L, 1L, 1L, 1L, 1L, 1L, 1L, 
    1L, 1L, 1L, 1L, 1L, 1L, 1L, 1L, 1L, 1L, 1L, 1L, 1L, 1L, 1L, 
    1L, 1L, 1L, 1L, 1L, 1L, 1L, 1L, 1L, 1L, 1L, 1L, 1L, 1L, 1L, 
    1L, 1L, 1L, 1L, 1L, 1L, 1L, 1L), .Label = "Florida", class = "factor"), 
    Date = structure(c(1300320000, 1300320000, 1300406400, 1300406400, 
    1300492800, 1300492800, 1300579200, 1300579200, 1300665600, 
    1300665600, 1300752000, 1300752000, 1300838400, 1300838400, 
    1300924800, 1300924800, 1301011200, 1301011200, 1301097600, 
    1301097600, 1301184000, 1301184000, 1301270400, 1301270400, 
    1301356800, 1301356800, 1301443200, 1301443200, 1301529600, 
    1301529600, 1301616000, 1301616000, 1301702400, 1301702400, 
    1301788800, 1301788800, 1301875200, 1301875200, 1301961600, 
    1301961600, 1302048000, 1302048000, 1302134400, 1302134400, 
    1302220800, 1302220800, 1302307200, 1302307200, 1302393600, 
    1302393600, 1302480000, 1302480000, 1302566400, 1302566400, 
    1302652800, 1302652800, 1302739200, 1302739200, 1302825600, 
    1302825600, 1302912000, 1302912000, 1302998400, 1302998400, 
    1303084800, 1303084800, 1303171200, 1303171200, 1303257600, 
    1303257600, 1303344000, 1303344000, 1303430400, 1303430400, 
    1303516800, 1303516800, 1303603200, 1303603200, 1303689600, 
    1303689600, 1303776000, 1303776000, 1303862400, 1303862400, 
    1303948800, 1303948800, 1304035200, 1304035200, 1304121600, 
    1304121600, 1320105600, 1320105600, 1320192000, 1320192000, 
    1320278400, 1320278400, 1320364800, 1320364800, 1320451200, 
    1320451200, 1320537600, 1320537600, 1320624000, 1320624000, 
    1320710400, 1320710400, 1320796800, 1320796800, 1320883200, 
    1320883200, 1320969600, 1320969600, 1321056000, 1321056000, 
    1321142400, 1321142400, 1321228800, 1321228800, 1321315200, 
    1321315200, 1321401600, 1321401600, 1321488000, 1321488000, 
    1321574400, 1321574400, 1321660800, 1321660800, 1321747200, 
    1321747200, 1321833600, 1321833600, 1321920000, 1321920000, 
    1322006400, 1322006400, 1322092800, 1322092800, 1322179200, 
    1322179200, 1322265600, 1322265600, 1322352000, 1322352000, 
    1322438400, 1322438400, 1322524800, 1322524800, 1322611200, 
    1322611200, 1322697600, 1322697600, 1322784000, 1322784000, 
    1322870400, 1322870400, 1322956800, 1322956800, 1323043200, 
    1323043200, 1323129600, 1323129600, 1323216000, 1323216000, 
    1323302400), class = c("POSIXct", "POSIXt"), tzone = "GMT"), 
    Longitude = c(-81.11, -80.9, -80.94, -80.97, -80.38, -80.54, 
    -80.83, -81.24, -81.28, -81.32, -81.11, -81.39, -81.3, -81.09, 
    -81, -81.42, -80.83, -80.87, -81.16, -81.32, -81.11, -81.02, 
    -81.18, -81.34, -81.26, -81.3, -81.21, -81.37, -80.53, -80.7, 
    -80.98, -81.14, -81.43, -81.34, -81.13, -81.42, -81.33, -81.24, 
    -84.03, -85.69, -81.6, -81.63, -80.29, -79.95, -80.24, -79.9, 
    -80.31, -79.47, -79.13, -80.16, -78.57, -77.98, -77.76, -77.79, 
    -77.95, -77.73, -77.64, -77.67, -76.95, -77.1, -77.88, -78.66, 
    -77.69, -77.35, -77.25, -77.03, -76.68, -77.08, -77.36, -77.51, 
    -77.66, -78.44, -77.84, -76.36, -77.89, -78.78, -76.93, -76.83, 
    -76.6, -76.87, -77.77, -77.04, -76.44, -77.33, -77.47, -77.62, 
    -76.76, -77.03, -76.3, -76.31, -80.22, -80.72, -81.22, -80.85, 
    -80.35, -80.23, -80.23, -79.98, -79.97, -79.47, -79.47, -79.09, 
    -79.21, -80.07, -80.19, -78.68, -78.68, -80.04, -80.03, -79.14, 
    -79.25, -79.12, -79.35, -79.59, -80.32, -80.8, -81.16, -81.14, 
    -80.25, -80.23, -80.45, -80.68, -80.91, -80.38, -80.11, -78.96, 
    -79.18, -80.65, -80.13, -80.1, -81.32, -81.28, -81.5, -80.97, 
    -80.06, -80.4, -80.49, -79.83, -80.29, -80.26, -79.72, -80.3, 
    -81.26, -81.22, -81.93, -81.77, -80.85, -80.8, -81.13, -80.09, 
    -80.42, -80.87, -80.95, -81.53, -80.85, -80.56, -80.13, -80.08, 
    -81.28, -80.85, -80.55, -80, -80.45, -79.64, -79.21), Latitude = c(46.07, 
    90, 90, 90, 35.56, 35.08, 20.54, 31.31, 28.19, 25.37, -43.66, 
    31.63, 31.68, 25.36, 25.91, -66.62, 36.1, 34.62, 30.45, 30.55, 
    31.9, 29.45, 27.04, 27.28, 27.5, 26.55, 26.78, 27, 32.9, 
    32.88, 30.32, 30.38, 27.88, 26.27, 27.32, 28.28, 28.41, 26.98, 
    5.47, 18.28, 39.99, 39.35, 43.69, 41.81, 40.33, 38.38, 36.37, 
    32.23, 33.29, 36.63, 41.53, 39.05, 39.34, 38.85, 37.97, 36.69, 
    36.63, 36.18, 38.05, 37.98, 35.27, 37.12, 39.49, 38.06, 38, 
    36.92, 37.55, 38.16, 37.13, 37.08, 36.39, 37.94, 39.09, 35.02, 
    30.53, 32.69, 37.14, 36.52, 36.79, 37.05, 34.68, 32.51, 33.78, 
    35.56, 34.98, 34.98, 36.64, 36.89, 38.16, 37.88, 25.49, 23.44, 
    24.94, 25.96, 24, 24.18, 23.94, 24.53, 24.29, 25.66, 25.42, 
    26.34, 26.49, 23.58, 23.76, 27.99, 27.76, 23.54, 23.35, 25.69, 
    25.84, 25.99, 26.49, 25.61, 27.44, 25.91, 26.72, 26.54, 24.04, 
    23.88, 24.38, 23.56, 24.07, 25.2, 24.41, 27.07, 27.51, 23.66, 
    22.25, 22.13, 25.1, 24.97, 25.43, 26.48, 24.28, 23.26, 23.44, 
    24.8, 25.84, 25.72, 24.46, 22.9, 25.09, 24.99, 26.55, 26.71, 
    24.68, 24.59, 25.32, 27.37, 28.06, 26.92, 27.09, 25.68, 24.26, 
    24.72, 23.84, 23.76, 26.33, 27.03, 26.45, 27.39, 28.32, 29.71, 
    28.92)), .Names = c("BirdId", "CaptureLocation", "Date", 
"Longitude", "Latitude"), row.names = c(NA, -165L), class = "data.frame")
