structure(list(BirdId = structure(c(1L, 1L, 1L, 1L, 1L, 1L, 1L, 
1L, 1L, 1L, 1L, 1L, 1L, 1L, 1L, 1L, 1L, 1L, 1L, 1L, 1L, 1L, 1L, 
1L, 1L, 1L, 1L, 1L, 1L, 1L, 1L, 1L, 1L, 1L, 1L, 1L, 1L, 1L, 1L, 
1L, 1L, 1L, 1L, 1L, 1L, 1L, 1L, 1L, 1L, 1L, 1L, 1L, 1L, 1L, 1L, 
1L, 1L, 1L, 1L, 1L, 1L, 1L, 1L, 1L, 1L, 1L, 1L, 1L, 1L, 1L, 1L, 
1L, 1L, 1L, 1L, 1L, 1L, 1L, 1L, 1L, 1L, 1L, 1L, 1L, 1L, 1L, 1L, 
1L, 1L, 1L, 1L, 1L, 1L, 1L, 1L, 1L, 1L, 1L, 1L, 1L, 1L, 1L, 1L, 
1L, 1L, 1L, 1L, 1L, 1L, 1L, 1L, 1L, 1L, 1L, 1L, 1L, 1L, 1L, 1L, 
1L, 1L, 1L, 1L, 1L, 1L, 1L, 1L, 1L, 1L, 1L, 1L, 1L, 1L, 1L, 1L, 
1L, 1L, 1L, 1L, 1L, 1L, 1L, 1L, 1L, 1L, 1L, 1L, 1L, 1L, 1L, 1L, 
1L, 1L, 1L, 1L, 1L, 1L, 1L, 1L, 1L, 1L, 1L, 1L, 1L, 1L, 1L, 1L, 
1L, 1L, 1L, 1L, 1L, 1L, 1L, 1L, 1L, 1L, 1L, 1L, 1L, 1L, 1L, 1L, 
1L, 1L, 1L, 1L, 1L, 1L, 1L, 1L, 1L, 1L, 1L, 1L, 1L, 1L, 1L, 1L, 
1L, 1L, 1L, 1L, 1L, 1L, 1L, 1L, 1L, 1L, 1L, 1L, 1L, 1L, 1L, 1L, 
1L, 1L, 1L, 1L, 1L, 1L, 1L, 1L, 1L, 1L, 1L, 1L, 1L, 1L, 1L, 1L, 
1L, 1L, 1L, 1L, 1L, 1L, 1L, 1L, 1L, 1L, 1L, 1L, 1L, 1L, 1L, 1L, 
1L), .Label = "2391_69091", class = "factor"), CaptureLocation = structure(c(1L, 
1L, 1L, 1L, 1L, 1L, 1L, 1L, 1L, 1L, 1L, 1L, 1L, 1L, 1L, 1L, 1L, 
1L, 1L, 1L, 1L, 1L, 1L, 1L, 1L, 1L, 1L, 1L, 1L, 1L, 1L, 1L, 1L, 
1L, 1L, 1L, 1L, 1L, 1L, 1L, 1L, 1L, 1L, 1L, 1L, 1L, 1L, 1L, 1L, 
1L, 1L, 1L, 1L, 1L, 1L, 1L, 1L, 1L, 1L, 1L, 1L, 1L, 1L, 1L, 1L, 
1L, 1L, 1L, 1L, 1L, 1L, 1L, 1L, 1L, 1L, 1L, 1L, 1L, 1L, 1L, 1L, 
1L, 1L, 1L, 1L, 1L, 1L, 1L, 1L, 1L, 1L, 1L, 1L, 1L, 1L, 1L, 1L, 
1L, 1L, 1L, 1L, 1L, 1L, 1L, 1L, 1L, 1L, 1L, 1L, 1L, 1L, 1L, 1L, 
1L, 1L, 1L, 1L, 1L, 1L, 1L, 1L, 1L, 1L, 1L, 1L, 1L, 1L, 1L, 1L, 
1L, 1L, 1L, 1L, 1L, 1L, 1L, 1L, 1L, 1L, 1L, 1L, 1L, 1L, 1L, 1L, 
1L, 1L, 1L, 1L, 1L, 1L, 1L, 1L, 1L, 1L, 1L, 1L, 1L, 1L, 1L, 1L, 
1L, 1L, 1L, 1L, 1L, 1L, 1L, 1L, 1L, 1L, 1L, 1L, 1L, 1L, 1L, 1L, 
1L, 1L, 1L, 1L, 1L, 1L, 1L, 1L, 1L, 1L, 1L, 1L, 1L, 1L, 1L, 1L, 
1L, 1L, 1L, 1L, 1L, 1L, 1L, 1L, 1L, 1L, 1L, 1L, 1L, 1L, 1L, 1L, 
1L, 1L, 1L, 1L, 1L, 1L, 1L, 1L, 1L, 1L, 1L, 1L, 1L, 1L, 1L, 1L, 
1L, 1L, 1L, 1L, 1L, 1L, 1L, 1L, 1L, 1L, 1L, 1L, 1L, 1L, 1L, 1L, 
1L, 1L, 1L, 1L, 1L, 1L, 1L), .Label = "Jamaica", class = "factor"), 
    Date = structure(c(1301961600, 1302048000, 1302048000, 1302134400, 
    1302134400, 1302220800, 1302220800, 1302307200, 1302307200, 
    1302393600, 1302393600, 1302480000, 1302480000, 1302566400, 
    1302566400, 1302652800, 1302652800, 1302739200, 1302739200, 
    1302825600, 1302825600, 1302912000, 1302912000, 1302998400, 
    1302998400, 1303084800, 1303084800, 1303171200, 1303171200, 
    1303257600, 1303257600, 1303344000, 1303344000, 1303430400, 
    1303430400, 1303516800, 1303516800, 1303603200, 1303603200, 
    1303689600, 1303689600, 1303776000, 1303776000, 1303862400, 
    1303862400, 1303948800, 1303948800, 1304035200, 1304035200, 
    1304121600, 1304121600, 1320105600, 1320105600, 1320192000, 
    1320192000, 1320278400, 1320278400, 1320364800, 1320364800, 
    1320451200, 1320451200, 1320537600, 1320537600, 1320624000, 
    1320624000, 1320710400, 1320710400, 1320796800, 1320796800, 
    1320883200, 1320883200, 1320969600, 1320969600, 1321056000, 
    1321056000, 1321142400, 1321142400, 1321228800, 1321228800, 
    1321315200, 1321315200, 1321401600, 1321401600, 1321488000, 
    1321488000, 1321574400, 1321574400, 1321660800, 1321660800, 
    1321747200, 1321747200, 1321833600, 1321833600, 1321920000, 
    1321920000, 1322006400, 1322006400, 1322092800, 1322092800, 
    1322179200, 1322179200, 1322265600, 1322265600, 1322352000, 
    1322352000, 1322438400, 1322438400, 1322524800, 1322524800, 
    1322611200, 1322611200, 1322697600, 1322697600, 1322784000, 
    1322784000, 1322870400, 1322870400, 1322956800, 1322956800, 
    1323043200, 1323043200, 1323129600, 1323129600, 1323216000, 
    1323216000, 1323302400, 1323302400, 1323388800, 1323388800, 
    1323475200, 1323475200, 1323561600, 1323561600, 1323648000, 
    1323648000, 1323734400, 1323734400, 1323820800, 1323820800, 
    1323907200, 1323907200, 1323993600, 1323993600, 1324080000, 
    1324080000, 1324166400, 1324166400, 1324252800, 1324252800, 
    1324339200, 1324339200, 1324425600, 1324425600, 1324512000, 
    1324512000, 1324598400, 1324598400, 1324684800, 1324684800, 
    1324771200, 1324771200, 1324857600, 1324857600, 1324944000, 
    1324944000, 1325030400, 1325030400, 1325116800, 1325116800, 
    1325203200, 1325203200, 1325289600, 1325289600, 1325376000, 
    1325376000, 1325462400, 1325462400, 1325548800, 1325548800, 
    1325635200, 1325635200, 1325721600, 1325721600, 1325808000, 
    1325808000, 1325894400, 1325894400, 1325980800, 1325980800, 
    1326067200, 1326067200, 1326153600, 1326153600, 1326240000, 
    1326240000, 1326326400, 1326326400, 1326412800, 1326412800, 
    1326499200, 1326499200, 1326585600, 1326585600, 1326672000, 
    1326672000, 1326758400, 1326758400, 1326844800, 1326844800, 
    1326931200, 1326931200, 1327017600, 1327017600, 1327104000, 
    1327104000, 1327190400, 1327190400, 1327276800, 1327276800, 
    1327363200, 1327363200, 1327449600, 1327449600, 1327536000, 
    1327536000, 1327622400, 1327622400, 1327708800, 1327708800, 
    1327795200, 1327795200, 1327881600, 1327881600, 1327968000, 
    1327968000, 1328054400, 1328054400, 1328140800, 1328140800, 
    1328227200, 1328227200, 1328313600, 1328313600, 1328400000, 
    1328400000, 1328486400, 1328486400, 1328572800), class = c("POSIXct", 
    "POSIXt"), tzone = "GMT"), Longitude = c(-86.56, -78.22, 
    -78.38, -78.29, -77.95, -77.24, -76.77, -76.68, -77.59, -79.5, 
    -79.53, -78.07, -78.1, -78.63, -78.54, -78.7, -78.35, -77.39, 
    -76.92, -77.07, -77.73, -78.01, -77.79, -77.44, -78.1, -77.87, 
    -78.28, -78.68, -78.33, -78.11, -78.26, -78.16, -77.94, -77.84, 
    -77.99, -77.39, -77.66, -77.06, -78.21, -79.23, -81.62, -82.65, 
    -82.42, -82.56, -82.58, -89.85, -88.99, -78.14, -79.9, -80.17, 
    -79.19, -76.97, -76.85, -76.97, -77.1, -76.98, -76.98, -77.1, 
    -77.23, -78.97, -78.85, -77.47, -77.34, -77.58, -77.58, -77.32, 
    -77.06, -77.3, -77.67, -78.4, -78.02, -77.13, -76.62, -79.98, 
    -79.71, -78.45, -79.3, -77.29, -76.02, -78.12, -78.98, -77.58, 
    -77.81, -77.03, -77.01, -77.23, -77.21, -77.31, -77.15, -76.75, 
    -76.72, -78.32, -78.53, -77.38, -77.22, -78.81, -78.9, -77.37, 
    -77.33, -78.42, -78.01, -79.84, -79.8, -78.89, -78.97, -80.06, 
    -80.14, -78.97, -79.18, -80.01, -79.96, -79.04, -78.75, -79.45, 
    -79.4, -78.11, -77.93, -81.51, -81.46, -78.78, -78.73, -76.68, 
    -76.5, -79.95, -79.89, -79.09, -79.41, -76.98, -76.67, -78.24, 
    -78.69, -77.5, -77.07, -79.39, -79.71, -78.27, -77.84, -76.78, 
    -77.1, -78.29, -78.1, -79.04, -78.98, -78.54, -77.98, -78.42, 
    -79.36, -79.05, -78.86, -80.67, -80.61, -78.8, -78.74, -78.18, 
    -78.74, -78.8, -78.61, -78.43, -78.49, -78.68, -78.24, -79.8, 
    -79.74, -78.18, -78.62, -78.56, -78.12, -78.56, -79.12, -78.81, 
    -78.5, -78.32, -78.38, -76.57, -76.64, -76.58, -76.4, -78.34, 
    -79.03, -79.22, -79.04, -78.73, -78.93, -79, -78.07, -78.51, 
    -78.96, -77.91, -77.85, -78.3, -78.87, -78.57, -78.02, -77.97, 
    -78.54, -78.49, -78.2, -77.9, -78.48, -79.18, -79.01, -78.96, 
    -78.67, -78.37, -78.58, -78.79, -78.12, -77.46, -78.29, -78.25, 
    -78.46, -79.3, -79.39, -79.1, -78.69, -79.53, -78.75, -77.59, 
    -78.68, -78.27, -78.12, -78.96, -78.18, -77.53, -78.5, -78.23, 
    -78.57, -78.42, -78.27, -78.38, -78.48, -79.58, -78.94, -77.04, 
    -77.27, -78.13, -78.61, -77.72, -76.95, -77.06, -77.55, -77.91, 
    -78.15, -77.39, -77.63, -78.49, -77.73, -76.48),