structure(list(BirdId = structure(c(1L, 1L, 1L, 1L, 1L, 1L, 1L, 
1L, 1L, 1L, 1L, 1L, 1L, 1L, 1L, 1L, 1L, 1L, 1L, 1L, 1L, 1L, 1L, 
1L, 1L, 1L, 1L, 1L, 1L, 1L, 1L, 1L, 1L, 1L, 1L, 1L, 1L, 1L, 1L, 
1L, 1L, 1L, 1L, 1L, 1L, 1L, 1L, 1L, 1L, 1L, 1L, 1L, 1L, 1L, 1L, 
1L, 1L, 1L, 1L, 1L, 1L, 1L, 1L, 1L, 1L, 1L, 1L, 1L, 1L, 1L, 1L, 
1L, 1L, 1L, 1L, 1L, 1L, 1L, 1L, 1L, 1L, 1L, 1L, 1L, 1L, 1L, 1L, 
1L, 1L, 1L, 1L, 1L, 1L, 1L, 1L, 1L, 1L, 1L, 1L, 1L, 1L, 1L, 1L, 
1L, 1L, 1L, 1L, 1L, 1L, 1L, 1L, 1L, 1L, 1L, 1L, 1L, 1L, 1L, 1L, 
1L, 1L, 1L, 1L, 1L, 1L, 1L, 1L, 1L, 1L, 1L, 1L, 1L, 1L, 1L, 1L, 
1L, 1L, 1L, 1L, 1L, 1L, 1L, 1L, 1L, 1L, 1L, 1L, 1L, 1L, 1L, 1L, 
1L, 1L, 1L, 1L, 1L, 1L, 1L, 1L, 1L, 1L, 1L, 1L, 1L, 1L, 1L, 1L, 
1L, 1L, 1L, 1L, 1L, 1L, 1L, 1L, 1L, 1L, 1L, 1L, 1L, 1L, 1L, 1L, 
1L, 1L, 1L, 1L, 1L, 1L, 1L, 1L, 1L, 1L, 1L, 1L, 1L, 1L, 1L, 1L, 
1L, 1L, 1L, 1L, 1L, 1L, 1L, 1L, 1L, 1L, 1L, 1L, 1L, 1L, 1L, 1L, 
1L, 1L, 1L, 1L, 1L, 1L, 1L, 1L, 1L, 1L, 1L, 1L, 1L, 1L, 1L, 1L, 
1L, 1L, 1L, 1L, 1L, 1L, 1L, 1L, 1L, 1L, 1L, 1L, 1L, 1L, 1L, 1L, 
1L, 1L, 1L, 1L, 1L, 1L, 1L, 1L, 1L, 1L, 1L, 1L, 1L, 1L, 1L, 1L, 
1L, 1L, 1L, 1L, 1L, 1L, 1L, 1L, 1L, 1L, 1L, 1L, 1L, 1L, 1L, 1L, 
1L, 1L, 1L, 1L, 1L, 1L, 1L, 1L), .Label = "2391_69177", class = "factor"), 
    CaptureLocation = structure(c(1L, 1L, 1L, 1L, 1L, 1L, 1L, 
    1L, 1L, 1L, 1L, 1L, 1L, 1L, 1L, 1L, 1L, 1L, 1L, 1L, 1L, 1L, 
    1L, 1L, 1L, 1L, 1L, 1L, 1L, 1L, 1L, 1L, 1L, 1L, 1L, 1L, 1L, 
    1L, 1L, 1L, 1L, 1L, 1L, 1L, 1L, 1L, 1L, 1L, 1L, 1L, 1L, 1L, 
    1L, 1L, 1L, 1L, 1L, 1L, 1L, 1L, 1L, 1L, 1L, 1L, 1L, 1L, 1L, 
    1L, 1L, 1L, 1L, 1L, 1L, 1L, 1L, 1L, 1L, 1L, 1L, 1L, 1L, 1L, 
    1L, 1L, 1L, 1L, 1L, 1L, 1L, 1L, 1L, 1L, 1L, 1L, 1L, 1L, 1L, 
    1L, 1L, 1L, 1L, 1L, 1L, 1L, 1L, 1L, 1L, 1L, 1L, 1L, 1L, 1L, 
    1L, 1L, 1L, 1L, 1L, 1L, 1L, 1L, 1L, 1L, 1L, 1L, 1L, 1L, 1L, 
    1L, 1L, 1L, 1L, 1L, 1L, 1L, 1L, 1L, 1L, 1L, 1L, 1L, 1L, 1L, 
    1L, 1L, 1L, 1L, 1L, 1L, 1L, 1L, 1L, 1L, 1L, 1L, 1L, 1L, 1L, 
    1L, 1L, 1L, 1L, 1L, 1L, 1L, 1L, 1L, 1L, 1L, 1L, 1L, 1L, 1L, 
    1L, 1L, 1L, 1L, 1L, 1L, 1L, 1L, 1L, 1L, 1L, 1L, 1L, 1L, 1L, 
    1L, 1L, 1L, 1L, 1L, 1L, 1L, 1L, 1L, 1L, 1L, 1L, 1L, 1L, 1L, 
    1L, 1L, 1L, 1L, 1L, 1L, 1L, 1L, 1L, 1L, 1L, 1L, 1L, 1L, 1L, 
    1L, 1L, 1L, 1L, 1L, 1L, 1L, 1L, 1L, 1L, 1L, 1L, 1L, 1L, 1L, 
    1L, 1L, 1L, 1L, 1L, 1L, 1L, 1L, 1L, 1L, 1L, 1L, 1L, 1L, 1L, 
    1L, 1L, 1L, 1L, 1L, 1L, 1L, 1L, 1L, 1L, 1L, 1L, 1L, 1L, 1L, 
    1L, 1L, 1L, 1L, 1L, 1L, 1L, 1L, 1L, 1L, 1L, 1L, 1L, 1L, 1L, 
    1L, 1L, 1L, 1L, 1L, 1L, 1L, 1L, 1L, 1L), .Label = "Puerto Rico", class = "factor"), 
    Date = structure(c(1329868800, 1329868800, 1329955200, 1329955200, 
    1330041600, 1330041600, 1330128000, 1330128000, 1330214400, 
    1330214400, 1330300800, 1330300800, 1330387200, 1330387200, 
    1330473600, 1330473600, 1330560000, 1330560000, 1330646400, 
    1330646400, 1330732800, 1330732800, 1330819200, 1330819200, 
    1330905600, 1330905600, 1330992000, 1330992000, 1331078400, 
    1331078400, 1331164800, 1331164800, 1331251200, 1331251200, 
    1331337600, 1331337600, 1331424000, 1331424000, 1331510400, 
    1331510400, 1331596800, 1331596800, 1331683200, 1331683200, 
    1331769600, 1331769600, 1331856000, 1331856000, 1331942400, 
    1331942400, 1332028800, 1332028800, 1332115200, 1332115200, 
    1332201600, 1332201600, 1332288000, 1332288000, 1332374400, 
    1332374400, 1332460800, 1332460800, 1332547200, 1332547200, 
    1332633600, 1332633600, 1332720000, 1332720000, 1332806400, 
    1332806400, 1332892800, 1332892800, 1332979200, 1332979200, 
    1333065600, 1333065600, 1333152000, 1333152000, 1333238400, 
    1333238400, 1333324800, 1333324800, 1333411200, 1333411200, 
    1333497600, 1333497600, 1333584000, 1333584000, 1333670400, 
    1333670400, 1333756800, 1333756800, 1333843200, 1333843200, 
    1333929600, 1333929600, 1334016000, 1334016000, 1334102400, 
    1334102400, 1334188800, 1334188800, 1334275200, 1334275200, 
    1334361600, 1334361600, 1334448000, 1334448000, 1334534400, 
    1334534400, 1334620800, 1334620800, 1334707200, 1334707200, 
    1334793600, 1334793600, 1334880000, 1334880000, 1334966400, 
    1334966400, 1335052800, 1335052800, 1335139200, 1335139200, 
    1335225600, 1335225600, 1335312000, 1335312000, 1335398400, 
    1335398400, 1335484800, 1335484800, 1335571200, 1335571200, 
    1335657600, 1335657600, 1335744000, 1335744000, 1351728000, 
    1351728000, 1351814400, 1351814400, 1351900800, 1351900800, 
    1351987200, 1351987200, 1352073600, 1352073600, 1352160000, 
    1352160000, 1352246400, 1352246400, 1352332800, 1352332800, 
    1352419200, 1352419200, 1352505600, 1352505600, 1352592000, 
    1352592000, 1352678400, 1352678400, 1352764800, 1352764800, 
    1352851200, 1352851200, 1352937600, 1352937600, 1353024000, 
    1353024000, 1353110400, 1353110400, 1353196800, 1353196800, 
    1353283200, 1353283200, 1353369600, 1353369600, 1353456000, 
    1353456000, 1353542400, 1353542400, 1353628800, 1353628800, 
    1353715200, 1353715200, 1353801600, 1353801600, 1353888000, 
    1353888000, 1353974400, 1353974400, 1354060800, 1354060800, 
    1354147200, 1354147200, 1354233600, 1354233600, 1354320000, 
    1354320000, 1354406400, 1354406400, 1354492800, 1354492800, 
    1354579200, 1354579200, 1354665600, 1354665600, 1354752000, 
    1354752000, 1354838400, 1354838400, 1354924800, 1354924800, 
    1355011200, 1355011200, 1355097600, 1355097600, 1355184000, 
    1355184000, 1355270400, 1355270400, 1355356800, 1355356800, 
    1355443200, 1355443200, 1355529600, 1355529600, 1355616000, 
    1355616000, 1355702400, 1355702400, 1355788800, 1355788800, 
    1355875200, 1355875200, 1355961600, 1355961600, 1356048000, 
    1356048000, 1356134400, 1356134400, 1356220800, 1356220800, 
    1356307200, 1356307200, 1356393600, 1356393600, 1356480000, 
    1356480000, 1356566400, 1356566400, 1356652800, 1356652800, 
    1356739200, 1356739200, 1356825600, 1356825600, 1356912000, 
    1356912000, 1356998400, 1356998400, 1357084800, 1357084800, 
    1357171200, 1357171200, 1357257600, 1357257600, 1357344000, 
    1357344000, 1357430400, 1357430400, 1357516800, 1357516800, 
    1357603200, 1357603200, 1357689600, 1357689600, 1357776000, 
    1357776000, 1357862400, 1357862400, 1357948800, 1357948800, 
    1358035200, 1358035200, 1358121600), class = c("POSIXct", 
    "POSIXt"), tzone = "GMT"),