structure(list(BirdId = structure(c(1L, 1L, 1L, 1L, 1L, 1L, 1L, 
1L, 1L, 1L, 1L, 1L, 1L, 1L, 1L, 1L, 1L, 1L, 1L, 1L, 1L, 1L, 1L, 
1L, 1L, 1L, 1L, 1L, 1L, 1L, 1L, 1L, 1L, 1L, 1L, 1L, 1L, 1L, 1L, 
1L, 1L, 1L, 1L, 1L, 1L, 1L, 1L, 1L, 1L, 1L, 1L, 1L, 1L, 1L, 1L, 
1L, 1L, 1L, 1L, 1L, 1L, 1L, 1L, 1L, 1L, 1L, 1L, 1L, 1L, 1L, 1L, 
1L, 1L, 1L, 1L, 1L, 1L, 1L, 1L, 1L, 1L, 1L, 1L, 1L, 1L, 1L, 1L, 
1L, 1L, 1L, 1L, 1L, 1L, 1L, 1L, 1L, 1L, 1L, 1L, 1L, 1L, 1L, 1L, 
1L, 1L, 1L, 1L, 1L, 1L, 1L, 1L, 1L, 1L, 1L, 1L, 1L, 1L, 1L, 1L, 
1L, 1L, 1L, 1L, 1L, 1L, 1L, 1L, 1L, 1L, 1L, 1L, 1L, 1L, 1L, 1L
), .Label = "2321_91906", class = "factor"), CaptureLocation = structure(c(1L, 
1L, 1L, 1L, 1L, 1L, 1L, 1L, 1L, 1L, 1L, 1L, 1L, 1L, 1L, 1L, 1L, 
1L, 1L, 1L, 1L, 1L, 1L, 1L, 1L, 1L, 1L, 1L, 1L, 1L, 1L, 1L, 1L, 
1L, 1L, 1L, 1L, 1L, 1L, 1L, 1L, 1L, 1L, 1L, 1L, 1L, 1L, 1L, 1L, 
1L, 1L, 1L, 1L, 1L, 1L, 1L, 1L, 1L, 1L, 1L, 1L, 1L, 1L, 1L, 1L, 
1L, 1L, 1L, 1L, 1L, 1L, 1L, 1L, 1L, 1L, 1L, 1L, 1L, 1L, 1L, 1L, 
1L, 1L, 1L, 1L, 1L, 1L, 1L, 1L, 1L, 1L, 1L, 1L, 1L, 1L, 1L, 1L, 
1L, 1L, 1L, 1L, 1L, 1L, 1L, 1L, 1L, 1L, 1L, 1L, 1L, 1L, 1L, 1L, 
1L, 1L, 1L, 1L, 1L, 1L, 1L, 1L, 1L, 1L, 1L, 1L, 1L, 1L, 1L, 1L, 
1L, 1L, 1L, 1L, 1L, 1L), .Label = "Jamaica", class = "factor"), 
    Date = structure(c(1268611200, 1268611200, 1268697600, 1268697600, 
    1268784000, 1268784000, 1268870400, 1268870400, 1268956800, 
    1268956800, 1269043200, 1269043200, 1269129600, 1269129600, 
    1269216000, 1269216000, 1269302400, 1269302400, 1269388800, 
    1269388800, 1269475200, 1269475200, 1269561600, 1269561600, 
    1269648000, 1269648000, 1269734400, 1269734400, 1269820800, 
    1269820800, 1269907200, 1269907200, 1269993600, 1269993600, 
    1270080000, 1270080000, 1270166400, 1270166400, 1270252800, 
    1270252800, 1270339200, 1270339200, 1270425600, 1270425600, 
    1270512000, 1270512000, 1270598400, 1270598400, 1270684800, 
    1270684800, 1270771200, 1270771200, 1270857600, 1270857600, 
    1270944000, 1270944000, 1271030400, 1271030400, 1271116800, 
    1271116800, 1271203200, 1271203200, 1271289600, 1271289600, 
    1271376000, 1271376000, 1271462400, 1271462400, 1271548800, 
    1271548800, 1271635200, 1271635200, 1271721600, 1271721600, 
    1271808000, 1271808000, 1271894400, 1271894400, 1271980800, 
    1271980800, 1272067200, 1272067200, 1272153600, 1272153600, 
    1272240000, 1272240000, 1272326400, 1272326400, 1272412800, 
    1272412800, 1272499200, 1272499200, 1272585600, 1272585600, 
    1288569600, 1288569600, 1288656000, 1288656000, 1288742400, 
    1288742400, 1288828800, 1288828800, 1288915200, 1288915200, 
    1289001600, 1289001600, 1289088000, 1289088000, 1289174400, 
    1289174400, 1289260800, 1289260800, 1289347200, 1289347200, 
    1289433600, 1289433600, 1289520000, 1289520000, 1289606400, 
    1289606400, 1289692800, 1289692800, 1289779200, 1289779200, 
    1289865600, 1289865600, 1289952000, 1289952000, 1290038400, 
    1290038400, 1290124800, 1290124800, 1290211200, 1290211200, 
    1290297600), class = c("POSIXct", "POSIXt"), tzone = "GMT"), 
    Longitude = c(-78.99, -79.02, -78.31, -78.34, -78.01, -78.17, 
    -79.2, -79.11, -77.9, -76.19, -75.85, -77.51, -77.3, -77.46, 
    -79.5, -79.41, -78.2, -78.61, -80.4, -76.06, -74.85, -79.39, 
    -78.92, -78.84, -79.25, -77.29, -77.32, -79.49, -78.65, -77.06, 
    -78.23, -80.14, -79.05, -78.21, -78.13, -78.04, -77.45, -76.24, 
    -76.9, -74.56, -74.22, -78.63, -79.79, -78.2, -77.61, -79.03, 
    -79.56, -78.97, -79.13, -78.67, -77.2, -78.36, -81.89, -78.55, 
    -75.33, -78.99, -78.52, -77.18, -77.59, -78.37, -77.9, -79.18, 
    -78.21, -77.62, -78.77, -79.05, -78.71, -78.36, -78.51, -76.54, 
    -76.82, -79.97, -79.5, -78.15, -79.67, -80.45, -77.72, -78, 
    -80.02, -80.05, -77.44, -78.72, -79.24, -80.26, -86.28, -86.55, 
    -81.57, -82.09, -79.86, -80.13, -82.15, -81.79, -81.05, -80.57, 
    -75.47, -75.85, -76.23, -77.35, -82.23, -80.85, -85.48, -86.22, 
    -80.1, -80.84, -82.84, -81.96, -81.7, -81.2, -81.69, -82.68, 
    -81.92, -81.53, -80.52, -80.64, -82, -79.86, -74.47, -76.7, 
    -83.19, -82.54, -78.53, -79.51, -82.49, -81.34, -84.07, -84.92, 
    -78.65, -76.75, -77.1, -75.57, -75.79, -79.14, -80.24, -80.21, 
    -81.05), Latitude = c(0.82, 70.59, -17.93, 68, -27.8, -31.65, 
    46.64, 36.66, 56.38, 90, 90, 50.58, -55.48, 49.58, -3.25, 
    90, -60.2, -66.48, -15.62, 90, 90, 23.26, 28.89, 26.01, 19.73, 
    -22.36, -20.3, 18.63, 27.43, 7.15, -10.76, 15.7, 26.08, 17.14, 
    17.76, 15.98, 21.02, 8.93, 2.24, -23.91, -19.01, 21.9, 12.84, 
    -1.57, 3.96, 14.62, 10.59, 5.59, 4.48, 0.56, 11.29, 18.11, 
    -5.88, -29.43, -6.51, 16.71, 19.1, 11.16, 8.76, 12.81, 15.23, 
    21.08, 25.15, 22.1, 16.63, 17.53, 18.95, 17, 16.18, 6.55, 
    5.21, 19.17, 20.9, 15.05, 8.31, 11.47, 22.16, 22.79, 15.05, 
    14.86, 24.12, 27.81, 25.99, 28.72, 7.72, 8.59, 25.7, 26.91, 
    32.67, 33.01, 27.56, 26.28, 28.08, 26.5, 23, 21.42, 22.51, 
    18.29, 33.87, 37.29, 47.27, 45.47, 30.17, 27.68, 33.12, 35.13, 
    34.21, 35.2, 36.15, 33.41, 31.22, 31.95, 29.09, 28.54, 31.87, 
    36.64, 22.78, 16.04, 33.37, 34.58, 24.5, 21.62, 29.26, 31.74, 
    37.47, 35.47, 20.23, 24.99, 25.77, 29.2, 29.61, 21.24, 23.95, 
    23.82, 25.79)), .Names = c("BirdId", "CaptureLocation", "Date", 
"Longitude", "Latitude"), row.names = c(NA, -135L), class = "data.frame")
