structure(list(BirdId = structure(c(1L, 1L, 1L, 1L, 1L, 1L, 1L, 
1L, 1L, 1L, 1L, 1L, 1L, 1L, 1L, 1L, 1L, 1L, 1L, 1L, 1L, 1L, 1L, 
1L, 1L, 1L, 1L, 1L, 1L, 1L, 1L, 1L, 1L, 1L, 1L, 1L, 1L, 1L, 1L, 
1L, 1L, 1L, 1L, 1L, 1L, 1L, 1L, 1L, 1L, 1L, 1L, 1L, 1L, 1L, 1L, 
1L, 1L, 1L, 1L, 1L, 1L, 1L, 1L, 1L, 1L, 1L, 1L, 1L, 1L, 1L, 1L, 
1L, 1L, 1L, 1L, 1L, 1L, 1L, 1L, 1L, 1L, 1L, 1L, 1L, 1L, 1L, 1L, 
1L, 1L, 1L, 1L, 1L, 1L, 1L, 1L, 1L, 1L, 1L, 1L, 1L, 1L, 1L, 1L, 
1L, 1L, 1L, 1L, 1L, 1L, 1L, 1L, 1L, 1L, 1L, 1L, 1L, 1L, 1L, 1L, 
1L, 1L, 1L, 1L, 1L, 1L, 1L, 1L, 1L, 1L, 1L, 1L, 1L, 1L, 1L, 1L, 
1L, 1L, 1L, 1L, 1L, 1L, 1L, 1L, 1L, 1L, 1L, 1L, 1L, 1L, 1L, 1L, 
1L, 1L, 1L, 1L, 1L, 1L, 1L, 1L, 1L, 1L, 1L, 1L), .Label = "2391_68594", class = "factor"), 
    CaptureLocation = structure(c(1L, 1L, 1L, 1L, 1L, 1L, 1L, 
    1L, 1L, 1L, 1L, 1L, 1L, 1L, 1L, 1L, 1L, 1L, 1L, 1L, 1L, 1L, 
    1L, 1L, 1L, 1L, 1L, 1L, 1L, 1L, 1L, 1L, 1L, 1L, 1L, 1L, 1L, 
    1L, 1L, 1L, 1L, 1L, 1L, 1L, 1L, 1L, 1L, 1L, 1L, 1L, 1L, 1L, 
    1L, 1L, 1L, 1L, 1L, 1L, 1L, 1L, 1L, 1L, 1L, 1L, 1L, 1L, 1L, 
    1L, 1L, 1L, 1L, 1L, 1L, 1L, 1L, 1L, 1L, 1L, 1L, 1L, 1L, 1L, 
    1L, 1L, 1L, 1L, 1L, 1L, 1L, 1L, 1L, 1L, 1L, 1L, 1L, 1L, 1L, 
    1L, 1L, 1L, 1L, 1L, 1L, 1L, 1L, 1L, 1L, 1L, 1L, 1L, 1L, 1L, 
    1L, 1L, 1L, 1L, 1L, 1L, 1L, 1L, 1L, 1L, 1L, 1L, 1L, 1L, 1L, 
    1L, 1L, 1L, 1L, 1L, 1L, 1L, 1L, 1L, 1L, 1L, 1L, 1L, 1L, 1L, 
    1L, 1L, 1L, 1L, 1L, 1L, 1L, 1L, 1L, 1L, 1L, 1L, 1L, 1L, 1L, 
    1L, 1L, 1L, 1L, 1L, 1L), .Label = "Florida", class = "factor"), 
    Date = structure(c(1L, 1L, 2L, 2L, 3L, 3L, 4L, 4L, 5L, 5L, 
    6L, 6L, 7L, 7L, 8L, 8L, 9L, 9L, 10L, 10L, 11L, 11L, 12L, 
    12L, 13L, 13L, 14L, 14L, 15L, 15L, 16L, 16L, 17L, 17L, 18L, 
    18L, 19L, 19L, 20L, 20L, 21L, 21L, 22L, 22L, 23L, 23L, 24L, 
    24L, 25L, 25L, 26L, 26L, 27L, 27L, 28L, 28L, 29L, 29L, 30L, 
    30L, 31L, 31L, 32L, 32L, 33L, 33L, 34L, 34L, 35L, 35L, 36L, 
    36L, 37L, 37L, 38L, 38L, 39L, 39L, 40L, 40L, 41L, 41L, 42L, 
    42L, 43L, 43L, 44L, 44L, 45L, 45L, 46L, 46L, 47L, 47L, 48L, 
    48L, 49L, 49L, 50L, 50L, 51L, 51L, 52L, 52L, 53L, 53L, 54L, 
    54L, 55L, 55L, 56L, 56L, 57L, 57L, 58L, 58L, 59L, 59L, 60L, 
    60L, 61L, 61L, 62L, 62L, 63L, 63L, 64L, 64L, 65L, 65L, 66L, 
    66L, 67L, 67L, 68L, 68L, 69L, 69L, 70L, 70L, 71L, 71L, 72L, 
    72L, 73L, 73L, 74L, 74L, 75L, 75L, 76L, 76L, 77L, 77L, 78L, 
    78L, 79L, 79L, 80L, 80L, 81L, 81L, 82L), .Label = c("2011-03-18", 
    "2011-03-19", "2011-03-20", "2011-03-21", "2011-03-22", "2011-03-23", 
    "2011-03-24", "2011-03-25", "2011-03-26", "2011-03-27", "2011-03-28", 
    "2011-03-29", "2011-03-30", "2011-03-31", "2011-04-01", "2011-04-02", 
    "2011-04-03", "2011-04-04", "2011-04-05", "2011-04-06", "2011-04-07", 
    "2011-04-08", "2011-04-09", "2011-04-10", "2011-04-11", "2011-04-12", 
    "2011-04-13", "2011-04-14", "2011-04-15", "2011-04-16", "2011-04-17", 
    "2011-04-18", "2011-04-19", "2011-04-20", "2011-04-21", "2011-04-22", 
    "2011-04-23", "2011-04-24", "2011-04-25", "2011-04-26", "2011-04-27", 
    "2011-04-28", "2011-04-29", "2011-04-30", "2011-11-01", "2011-11-02", 
    "2011-11-03", "2011-11-04", "2011-11-05", "2011-11-06", "2011-11-07", 
    "2011-11-08", "2011-11-09", "2011-11-10", "2011-11-11", "2011-11-12", 
    "2011-11-13", "2011-11-14", "2011-11-15", "2011-11-16", "2011-11-17", 
    "2011-11-18", "2011-11-19", "2011-11-20", "2011-11-21", "2011-11-22", 
    "2011-11-23", "2011-11-24", "2011-11-25", "2011-11-26", "2011-11-27", 
    "2011-11-28", "2011-11-29", "2011-11-30", "2011-12-01", "2011-12-02", 
    "2011-12-03", "2011-12-04", "2011-12-05", "2011-12-06", "2011-12-07", 
    "2011-12-08"), class = "factor"), Longitude = c(-80.19, -79.97, 
    -80.26, -80.29, -80.71, -81.37, -81.03, -81.07, -81.11, -81.14, 
    -80.68, -80.84, -80.88, -80.92, -80.83, -80.99, -80.91, -80.94, 
    -80.98, -81.02, -81.43, -81.47, -80.76, -80.92, -81.08, -81.25, 
    -81.16, -81.07, -81.61, -81.89, -80.56, -80.59, -80.76, -80.92, 
    -81.2, -80.99, -83.4, -83.94, -80.85, -80.26, -77.42, -76.7, 
    -76.49, -76.15, -77.18, -77.72, -77.13, -78.16, -77.07, -77.23, 
    -77.13, -77.54, -78.32, -78.35, -76.89, -76.79, -76.7, -76.6, 
    -78.01, -78.29, -76.57, -76.97, -77.25, -77.15, -76.93, -76.83, 
    -77.11, -77.64, -77.41, -77.94, -77.96, -76.74, -77.26, -78.16, 
    -76.93, -76.58, -76.73, -76.87, -76.9, -77.29, -77.44, -76.46, 
    -76.72, -77.99, -77.26, -77.4, -77.3, -76.94, -80.72, -80.72, 
    -80.35, -80.48, -80.35, -80.23, -79.85, -79.35, -79.85, -80.35, 
    -80.72, -80.59, -80.08, -80.07, -80.19, -80.18, -80.43, -80.91, 
    -81.03, -80.02, -79.75, -80.24, -80.85, -80.21, -80.19, -80.05, 
    -80.16, -80.39, -79.87, -79.48, -79.95, -80.56, -81.28, -81.51, 
    -80.73, -79.83, -80.06, -79.9, -80.13, -80.47, -80.32, -80.28, 
    -80.13, -80.1, -80.56, -80.4, -79.87, -79.96, -80.17, -79.76, 
    -79.59, -79.93, -79.76, -79.6, -80.31, -80.14, -80.47, -80.68, 
    -80.51, -80.46, -80.92, -80.37, -81.08, -81.53, -80.6, -80.56, 
    -81.13, -81.08, -80.16, -79.85, -79.8, -80, -80.2, -80.39, 
    -80.96), Latitude = c(50.54, 43.94, 35.63, 32.28, 11.57, 
    32.26, 36.52, 34.32, 32.25, 30.32, 35.49, 35.3, 33.73, 32.24, 
    32.24, 32.24, 32.24, 31.03, 29.89, 28.8, 23.97, 23.04, 29.21, 
    29.33, 27.42, 27.6, 27.77, 26.03, 21.25, 22.65, 31.49, 30.77, 
    29.33, 29.41, 27.27, 25.12, 6.87, 10.79, 30.41, 26.55, 39.01, 
    35.51, 35.95, 33.89, 29, 30.73, 32.83, 36.09, 39.34, 39.24, 
    39.13, 39.77, 37.03, 36.57, 40.51, 39.72, 39.63, 38.86, 34.43, 
    34.79, 39.28, 39.83, 38.81, 38.1, 38.36, 37.67, 36.66, 37.57, 
    37.82, 38.66, 38.31, 34.94, 33.32, 35.22, 37.84, 36.67, 36.07, 
    36.06, 35.75, 36.3, 35.73, 33.14, 32.26, 34.88, 36.23, 36.22, 
    36.21, 35.16, 30.92, 30.59, 29.02, 28.31, 27.6, 27.73, 26.22, 
    27.59, 28.91, 27.07, 27.99, 28.11, 26.33, 26.1, 26.25, 26.03, 
    26.55, 24.85, 25.01, 27.7, 26.77, 25.14, 26.71, 28.22, 28.02, 
    28.15, 28.28, 27.43, 25.92, 26.74, 27.85, 26.06, 27.81, 27.01, 
    24.93, 26.99, 27.45, 27.6, 28.04, 26.98, 26.53, 26.39, 25.95, 
    25.81, 26.87, 27.02, 25.72, 25.3, 25.77, 26.51, 26.11, 25.13, 
    24.73, 24.91, 26.5, 26.67, 27.39, 26.74, 26.37, 26.27, 27.25, 
    28.22, 29.68, 28.55, 26.62, 26.54, 27.77, 27.69, 25.78, 26.23, 
    26.16, 25.57, 26.02, 25.44, 26.67)), .Names = c("BirdId", 
"CaptureLocation", "Date", "Longitude", "Latitude"), row.names = c(NA, 
-163L), class = "data.frame")
