structure(list(BirdId = structure(c(1L, 1L, 1L, 1L, 1L, 1L, 1L, 
1L, 1L, 1L, 1L, 1L, 1L, 1L, 1L, 1L, 1L, 1L, 1L, 1L, 1L, 1L, 1L, 
1L, 1L, 1L, 1L, 1L, 1L, 1L, 1L, 1L, 1L, 1L, 1L, 1L, 1L, 1L, 1L, 
1L, 1L, 1L, 1L, 1L, 1L, 1L, 1L, 1L, 1L, 1L, 1L, 1L, 1L, 1L, 1L, 
1L, 1L, 1L, 1L, 1L, 1L, 1L, 1L, 1L, 1L, 1L, 1L, 1L, 1L, 1L, 1L, 
1L, 1L, 1L, 1L, 1L, 1L, 1L, 1L, 1L, 1L, 1L, 1L, 1L, 1L, 1L, 1L, 
1L, 1L, 1L, 1L, 1L, 1L, 1L, 1L, 1L, 1L, 1L, 1L, 1L, 1L, 1L, 1L, 
1L, 1L, 1L, 1L, 1L, 1L, 1L, 1L, 1L, 1L, 1L, 1L, 1L, 1L, 1L, 1L, 
1L, 1L, 1L, 1L, 1L, 1L, 1L, 1L, 1L, 1L, 1L, 1L, 1L, 1L, 1L, 1L, 
1L, 1L, 1L, 1L, 1L, 1L, 1L, 1L, 1L, 1L, 1L, 1L, 1L, 1L, 1L, 1L, 
1L, 1L, 1L, 1L, 1L, 1L, 1L, 1L, 1L, 1L, 1L, 1L, 1L, 1L, 1L, 1L, 
1L, 1L, 1L, 1L, 1L, 1L, 1L, 1L, 1L, 1L, 1L, 1L, 1L, 1L, 1L, 1L, 
1L, 1L, 1L, 1L, 1L, 1L, 1L, 1L, 1L, 1L, 1L, 1L, 1L, 1L, 1L, 1L, 
1L, 1L, 1L, 1L, 1L, 1L, 1L, 1L, 1L, 1L, 1L, 1L, 1L, 1L, 1L, 1L, 
1L, 1L, 1L, 1L, 1L, 1L, 1L, 1L, 1L, 1L, 1L, 1L, 1L, 1L, 1L, 1L, 
1L, 1L, 1L, 1L, 1L, 1L, 1L, 1L, 1L, 1L, 1L, 1L, 1L, 1L, 1L, 1L, 
1L, 1L, 1L, 1L, 1L, 1L, 1L, 1L, 1L, 1L, 1L, 1L, 1L, 1L, 1L, 1L, 
1L, 1L, 1L, 1L, 1L, 1L, 1L, 1L, 1L, 1L, 1L, 1L, 1L, 1L, 1L, 1L, 
1L, 1L, 1L, 1L, 1L, 1L, 1L, 1L, 1L, 1L, 1L, 1L, 1L, 1L, 1L, 1L, 
1L, 1L, 1L, 1L, 1L, 1L, 1L, 1L, 1L, 1L, 1L, 1L, 1L, 1L, 1L, 1L, 
1L, 1L, 1L, 1L, 1L, 1L, 1L, 1L, 1L, 1L, 1L, 1L, 1L, 1L, 1L, 1L, 
1L, 1L, 1L, 1L, 1L, 1L, 1L, 1L, 1L, 1L, 1L, 1L, 1L, 1L, 1L, 1L, 
1L, 1L, 1L, 1L, 1L, 1L, 1L, 1L, 1L, 1L, 1L, 1L, 1L, 1L, 1L, 1L, 
1L, 1L, 1L, 1L, 1L), .Label = "2391_69095", class = "factor"), 
    CaptureLocation = structure(c(1L, 1L, 1L, 1L, 1L, 1L, 1L, 
    1L, 1L, 1L, 1L, 1L, 1L, 1L, 1L, 1L, 1L, 1L, 1L, 1L, 1L, 1L, 
    1L, 1L, 1L, 1L, 1L, 1L, 1L, 1L, 1L, 1L, 1L, 1L, 1L, 1L, 1L, 
    1L, 1L, 1L, 1L, 1L, 1L, 1L, 1L, 1L, 1L, 1L, 1L, 1L, 1L, 1L, 
    1L, 1L, 1L, 1L, 1L, 1L, 1L, 1L, 1L, 1L, 1L, 1L, 1L, 1L, 1L, 
    1L, 1L, 1L, 1L, 1L, 1L, 1L, 1L, 1L, 1L, 1L, 1L, 1L, 1L, 1L, 
    1L, 1L, 1L, 1L, 1L, 1L, 1L, 1L, 1L, 1L, 1L, 1L, 1L, 1L, 1L, 
    1L, 1L, 1L, 1L, 1L, 1L, 1L, 1L, 1L, 1L, 1L, 1L, 1L, 1L, 1L, 
    1L, 1L, 1L, 1L, 1L, 1L, 1L, 1L, 1L, 1L, 1L, 1L, 1L, 1L, 1L, 
    1L, 1L, 1L, 1L, 1L, 1L, 1L, 1L, 1L, 1L, 1L, 1L, 1L, 1L, 1L, 
    1L, 1L, 1L, 1L, 1L, 1L, 1L, 1L, 1L, 1L, 1L, 1L, 1L, 1L, 1L, 
    1L, 1L, 1L, 1L, 1L, 1L, 1L, 1L, 1L, 1L, 1L, 1L, 1L, 1L, 1L, 
    1L, 1L, 1L, 1L, 1L, 1L, 1L, 1L, 1L, 1L, 1L, 1L, 1L, 1L, 1L, 
    1L, 1L, 1L, 1L, 1L, 1L, 1L, 1L, 1L, 1L, 1L, 1L, 1L, 1L, 1L, 
    1L, 1L, 1L, 1L, 1L, 1L, 1L, 1L, 1L, 1L, 1L, 1L, 1L, 1L, 1L, 
    1L, 1L, 1L, 1L, 1L, 1L, 1L, 1L, 1L, 1L, 1L, 1L, 1L, 1L, 1L, 
    1L, 1L, 1L, 1L, 1L, 1L, 1L, 1L, 1L, 1L, 1L, 1L, 1L, 1L, 1L, 
    1L, 1L, 1L, 1L, 1L, 1L, 1L, 1L, 1L, 1L, 1L, 1L, 1L, 1L, 1L, 
    1L, 1L, 1L, 1L, 1L, 1L, 1L, 1L, 1L, 1L, 1L, 1L, 1L, 1L, 1L, 
    1L, 1L, 1L, 1L, 1L, 1L, 1L, 1L, 1L, 1L, 1L, 1L, 1L, 1L, 1L, 
    1L, 1L, 1L, 1L, 1L, 1L, 1L, 1L, 1L, 1L, 1L, 1L, 1L, 1L, 1L, 
    1L, 1L, 1L, 1L, 1L, 1L, 1L, 1L, 1L, 1L, 1L, 1L, 1L, 1L, 1L, 
    1L, 1L, 1L, 1L, 1L, 1L, 1L, 1L, 1L, 1L, 1L, 1L, 1L, 1L, 1L, 
    1L, 1L, 1L, 1L, 1L, 1L, 1L, 1L, 1L, 1L, 1L, 1L, 1L, 1L, 1L, 
    1L, 1L, 1L, 1L, 1L, 1L, 1L, 1L, 1L, 1L, 1L, 1L), .Label = "HBEF", class = "factor"), 
    Date = structure(c(1320105600, 1320105600, 1320192000, 1320192000, 
    1320278400, 1320278400, 1320364800, 1320364800, 1320451200, 
    1320451200, 1320537600, 1320537600, 1320624000, 1320624000, 
    1320710400, 1320710400, 1320796800, 1320796800, 1320883200, 
    1320883200, 1320969600, 1320969600, 1321056000, 1321056000, 
    1321142400, 1321142400, 1321228800, 1321228800, 1321315200, 
    1321315200, 1321401600, 1321401600, 1321488000, 1321488000, 
    1321574400, 1321574400, 1321660800, 1321660800, 1321747200, 
    1321747200, 1321833600, 1321833600, 1321920000, 1321920000, 
    1322006400, 1322006400, 1322092800, 1322092800, 1322179200, 
    1322179200, 1322265600, 1322265600, 1322352000, 1322352000, 
    1322438400, 1322438400, 1322524800, 1322524800, 1322611200, 
    1322611200, 1322697600, 1322697600, 1322784000, 1322784000, 
    1322870400, 1322870400, 1322956800, 1322956800, 1323043200, 
    1323043200, 1323129600, 1323129600, 1323216000, 1323216000, 
    1323302400, 1323302400, 1323388800, 1323388800, 1323475200, 
    1323475200, 1323561600, 1323561600, 1323648000, 1323648000, 
    1323734400, 1323734400, 1323820800, 1323820800, 1323907200, 
    1323907200, 1323993600, 1323993600, 1324080000, 1324080000, 
    1324166400, 1324166400, 1324252800, 1324252800, 1324339200, 
    1324339200, 1324425600, 1324425600, 1324512000, 1324512000, 
    1324598400, 1324598400, 1324684800, 1324684800, 1324771200, 
    1324771200, 1324857600, 1324857600, 1324944000, 1324944000, 
    1325030400, 1325030400, 1325116800, 1325116800, 1325203200, 
    1325203200, 1325289600, 1325289600, 1325376000, 1325376000, 
    1325462400, 1325462400, 1325548800, 1325548800, 1325635200, 
    1325635200, 1325721600, 1325721600, 1325808000, 1325808000, 
    1325894400, 1325894400, 1325980800, 1325980800, 1326067200, 
    1326067200, 1326153600, 1326153600, 1326240000, 1326240000, 
    1326326400, 1326326400, 1326412800, 1326412800, 1326499200, 
    1326499200, 1326585600, 1326585600, 1326672000, 1326672000, 
    1326758400, 1326758400, 1326844800, 1326844800, 1326931200, 
    1326931200, 1327017600, 1327017600, 1327104000, 1327104000, 
    1327190400, 1327190400, 1327276800, 1327276800, 1327363200, 
    1327363200, 1327449600, 1327449600, 1327536000, 1327536000, 
    1327622400, 1327622400, 1327708800, 1327708800, 1327795200, 
    1327795200, 1327881600, 1327881600, 1327968000, 1327968000, 
    1328054400, 1328054400, 1328140800, 1328140800, 1328227200, 
    1328227200, 1328313600, 1328313600, 1328400000, 1328400000, 
    1328486400, 1328486400, 1328572800, 1328572800, 1328659200, 
    1328659200, 1328745600, 1328745600, 1328832000, 1328832000, 
    1328918400, 1328918400, 1329004800, 1329004800, 1329091200, 
    1329091200, 1329177600, 1329177600, 1329264000, 1329264000, 
    1329350400, 1329350400, 1329436800, 1329436800, 1329523200, 
    1329523200, 1329609600, 1329609600, 1329696000, 1329696000, 
    1329782400, 1329782400, 1329868800, 1329868800, 1329955200, 
    1329955200, 1330041600, 1330041600, 1330128000, 1330128000, 
    1330214400, 1330214400, 1330300800, 1330300800, 1330387200, 
    1330387200, 1330473600, 1330473600, 1330560000, 1330560000, 
    1330646400, 1330646400, 1330732800, 1330732800, 1330819200, 
    1330819200, 1330905600, 1330905600, 1330992000, 1330992000, 
    1331078400, 1331078400, 1331164800, 1331164800, 1331251200, 
    1331251200, 1331337600, 1331337600, 1331424000, 1331424000, 
    1331510400, 1331510400, 1331596800, 1331596800, 1331683200, 
    1331683200, 1331769600, 1331769600, 1331856000, 1331856000, 
    1331942400, 1331942400, 1332028800, 1332028800, 1332115200, 
    1332115200, 1332201600, 1332201600, 1332288000, 1332288000, 
    1332374400, 1332374400, 1332460800, 1332460800, 1332547200, 
    1332547200, 1332633600, 1332633600, 1332720000, 1332720000, 
    1332806400, 1332806400, 1332892800, 1332892800, 1332979200, 
    1332979200, 1333065600, 1333065600, 1333152000, 1333152000, 
    1333238400, 1333238400, 1333324800, 1333324800, 1333411200, 
    1333411200, 1333497600, 1333497600, 1333584000, 1333584000, 
    1333670400, 1333670400, 1333756800, 1333756800, 1333843200, 
    1333843200, 1333929600, 1333929600, 1334016000, 1334016000, 
    1334102400, 1334102400, 1334188800, 1334188800, 1334275200, 
    1334275200, 1334361600, 1334361600, 1334448000, 1334448000, 
    1334534400, 1334534400, 1334620800, 1334620800, 1334707200, 
    1334707200, 1334793600, 1334793600, 1334880000, 1334880000, 
    1334966400, 1334966400, 1335052800, 1335052800, 1335139200, 
    1335139200, 1335225600, 1335225600, 1335312000, 1335312000, 
    1335398400, 1335398400, 1335484800, 1335484800, 1335571200, 
    1335571200, 1335657600, 1335657600, 1335744000, 1335744000
    ), class = c("POSIXct", "POSIXt"),