structure(list(BirdId = structure(c(1L, 1L, 1L, 1L, 1L, 1L, 1L, 
1L, 1L, 1L, 1L, 1L, 1L, 1L, 1L, 1L, 1L, 1L, 1L, 1L, 1L, 1L, 1L, 
1L, 1L, 1L, 1L, 1L, 1L, 1L, 1L, 1L, 1L, 1L, 1L, 1L, 1L, 1L, 1L, 
1L, 1L, 1L, 1L, 1L, 1L, 1L, 1L, 1L, 1L, 1L, 1L, 1L, 1L, 1L, 1L, 
1L, 1L, 1L, 1L, 1L, 1L, 1L, 1L, 1L, 1L, 1L, 1L, 1L, 1L, 1L, 1L, 
1L, 1L, 1L, 1L, 1L, 1L, 1L, 1L, 1L, 1L, 1L, 1L, 1L, 1L, 1L, 1L, 
1L, 1L, 1L, 1L, 1L, 1L, 1L, 1L, 1L, 1L, 1L, 1L, 1L, 1L, 1L, 1L, 
1L, 1L, 1L, 1L, 1L, 1L, 1L, 1L, 1L, 1L, 1L, 1L, 1L, 1L, 1L, 1L, 
1L, 1L, 1L, 1L, 1L, 1L, 1L, 1L, 1L, 1L, 1L, 1L, 1L, 1L, 1L, 1L, 
1L, 1L, 1L, 1L, 1L, 1L, 1L, 1L, 1L, 1L, 1L, 1L, 1L, 1L, 1L, 1L, 
1L, 1L, 1L, 1L, 1L, 1L, 1L, 1L, 1L, 1L, 1L, 1L, 1L, 1L, 1L, 1L, 
1L, 1L, 1L, 1L, 1L, 1L, 1L, 1L, 1L, 1L, 1L, 1L, 1L, 1L, 1L, 1L, 
1L, 1L, 1L, 1L, 1L, 1L, 1L, 1L, 1L, 1L, 1L, 1L, 1L, 1L, 1L, 1L, 
1L, 1L, 1L, 1L, 1L, 1L, 1L, 1L, 1L, 1L), .Label = "2401_30555", class = "factor"), 
    CaptureLocation = structure(c(1L, 1L, 1L, 1L, 1L, 1L, 1L, 
    1L, 1L, 1L, 1L, 1L, 1L, 1L, 1L, 1L, 1L, 1L, 1L, 1L, 1L, 1L, 
    1L, 1L, 1L, 1L, 1L, 1L, 1L, 1L, 1L, 1L, 1L, 1L, 1L, 1L, 1L, 
    1L, 1L, 1L, 1L, 1L, 1L, 1L, 1L, 1L, 1L, 1L, 1L, 1L, 1L, 1L, 
    1L, 1L, 1L, 1L, 1L, 1L, 1L, 1L, 1L, 1L, 1L, 1L, 1L, 1L, 1L, 
    1L, 1L, 1L, 1L, 1L, 1L, 1L, 1L, 1L, 1L, 1L, 1L, 1L, 1L, 1L, 
    1L, 1L, 1L, 1L, 1L, 1L, 1L, 1L, 1L, 1L, 1L, 1L, 1L, 1L, 1L, 
    1L, 1L, 1L, 1L, 1L, 1L, 1L, 1L, 1L, 1L, 1L, 1L, 1L, 1L, 1L, 
    1L, 1L, 1L, 1L, 1L, 1L, 1L, 1L, 1L, 1L, 1L, 1L, 1L, 1L, 1L, 
    1L, 1L, 1L, 1L, 1L, 1L, 1L, 1L, 1L, 1L, 1L, 1L, 1L, 1L, 1L, 
    1L, 1L, 1L, 1L, 1L, 1L, 1L, 1L, 1L, 1L, 1L, 1L, 1L, 1L, 1L, 
    1L, 1L, 1L, 1L, 1L, 1L, 1L, 1L, 1L, 1L, 1L, 1L, 1L, 1L, 1L, 
    1L, 1L, 1L, 1L, 1L, 1L, 1L, 1L, 1L, 1L, 1L, 1L, 1L, 1L, 1L, 
    1L, 1L, 1L, 1L, 1L, 1L, 1L, 1L, 1L, 1L, 1L, 1L, 1L, 1L, 1L, 
    1L, 1L, 1L, 1L, 1L, 1L, 1L), .Label = "Jamaica", class = "factor"), 
    Date = structure(c(1302134400, 1302134400, 1302220800, 1302220800, 
    1302307200, 1302307200, 1302393600, 1302393600, 1302480000, 
    1302480000, 1302566400, 1302566400, 1302652800, 1302652800, 
    1302739200, 1302739200, 1302825600, 1302825600, 1302912000, 
    1302912000, 1302998400, 1302998400, 1303084800, 1303084800, 
    1303171200, 1303171200, 1303257600, 1303257600, 1303344000, 
    1303344000, 1303430400, 1303430400, 1303516800, 1303516800, 
    1303603200, 1303603200, 1303689600, 1303689600, 1303776000, 
    1303776000, 1303862400, 1303862400, 1303948800, 1303948800, 
    1304035200, 1304035200, 1304121600, 1304121600, 1320105600, 
    1320105600, 1320192000, 1320192000, 1320278400, 1320278400, 
    1320364800, 1320364800, 1320451200, 1320451200, 1320537600, 
    1320537600, 1320624000, 1320624000, 1320710400, 1320710400, 
    1320796800, 1320796800, 1320883200, 1320883200, 1320969600, 
    1320969600, 1321056000, 1321056000, 1321142400, 1321142400, 
    1321228800, 1321228800, 1321315200, 1321315200, 1321401600, 
    1321401600, 1321488000, 1321488000, 1321574400, 1321574400, 
    1321660800, 1321660800, 1321747200, 1321747200, 1321833600, 
    1321833600, 1321920000, 1321920000, 1322006400, 1322006400, 
    1322092800, 1322092800, 1322179200, 1322179200, 1322265600, 
    1322265600, 1322352000, 1322352000, 1322438400, 1322438400, 
    1322524800, 1322524800, 1322611200, 1322611200, 1322697600, 
    1322697600, 1322784000, 1322784000, 1322870400, 1322870400, 
    1322956800, 1322956800, 1323043200, 1323043200, 1323129600, 
    1323129600, 1323216000, 1323216000, 1323302400, 1323302400, 
    1323388800, 1323388800, 1323475200, 1323475200, 1323561600, 
    1323561600, 1323648000, 1323648000, 1323734400, 1323734400, 
    1323820800, 1323820800, 1323907200, 1323907200, 1323993600, 
    1323993600, 1324080000, 1324080000, 1324166400, 1324166400, 
    1324252800, 1324252800, 1324339200, 1324339200, 1324425600, 
    1324425600, 1324512000, 1324512000, 1324598400, 1324598400, 
    1324684800, 1324684800, 1324771200, 1324771200, 1324857600, 
    1324857600, 1324944000, 1324944000, 1325030400, 1325030400, 
    1325116800, 1325116800, 1325203200, 1325203200, 1325289600, 
    1325289600, 1325376000, 1325376000, 1325462400, 1325462400, 
    1325548800, 1325548800, 1325635200, 1325635200, 1325721600, 
    1325721600, 1325808000, 1325808000, 1325894400, 1325894400, 
    1325980800, 1325980800, 1326067200, 1326067200, 1326153600, 
    1326153600, 1326240000, 1326240000, 1326326400, 1326326400, 
    1326412800, 1326412800, 1326499200, 1326499200, 1326585600, 
    1326585600, 1326672000, 1326672000, 1326758400, 1326758400, 
    1326844800, 1326844800, 1326931200, 1326931200, 1327017600
    ), class = c("POSIXct", "POSIXt"), tzone = "GMT"), Longitude = c(-77.67, 
    -77.45, -77.36, -76.65, -76.56, -77.72, -77.75, -77.91, -77.82, 
    -77.35, -77.76, -77.92, -77.82, -77.73, -77.14, -76.79, -77.2, 
    -77.6, -77.63, -77.79, -76.94, -77.22, -77.87, -78.15, -78.18, 
    -78.08, -78.11, -78.39, -78.41, -78.06, -77.09, -77.24, -77.89, 
    -78.03, -77.18, -77.33, -77.98, -78.12, -78.15, -78.42, -78.31, 
    -78.21, -78.22, -78.24, -78.14, -78.15, -78.05, -78.44, -77.59, 
    -77.72, -77.72, -77.73, -77.6, -77.85, -77.6, -77.23, -77.72, 
    -76.97, -76.59, -77.21, -77.33, -77.2, -77.69, -77.56, -77.55, 
    -77.67, -77.65, -77.27, -78.38, -78.12, -77.48, -75.71, -76.95, 
    -78.43, -77.16, -75.77, -75.75, -77.73, -77.2, -77.68, -77.66, 
    -76.13, -76.73, -77.96, -77.81, -77.4, -77.38, -77.6, -77.69, 
    -77.66, -77.75, -77.85, -78.81, -78.78, -77.99, -77.83, -77.79, 
    -77.63, -77.84, -78.18, -77.64, -77.35, -77.68, -77.77, -77.47, 
    -77.43, -78.26, -78.34, -78.17, -78, -78.08, -78.15, -77.86, 
    -78.06, -77.88, -77.33, -77.91, -78.1, -77.3, -77.25, -77.2, 
    -76.89, -77.71, -77.16, -77.73, -78.42, -77.49, -77.69, -77.88, 
    -77.7, -77.76, -77.71, -77.65, -77.71, -77.4, -77.35, -78.16, 
    -78.1, -78.04, -78.1, -78.29, -77.36, -77.3, -78.23, -78.05, 
    -78.11, -77.92, -78.36, -78.55, -78.36, -78.05, -77.99, -78.43, 
    -78.36, -77.93, -78.12, -78.18, -78.24, -78.55, -78.37, -77.93, 
    -77.87, -77.06, -77.37, -78.44, -77.87, -78.06, -78.13, -77.94, 
    -77.88, -77.7, -78.01, -77.33, -76.9, -77.21, -77.91, -78.22, 
    -78.04, -77.74, -77.8, -77.87, -77.69, -78.01, -77.83, -77.41, 
    -76.73, -76.8, -77.87, -78.45, -78.02, -78.22, -78.79, -78.24, 
    -78.32, -78.4, -78.48, -78.05, -77.51, -77.96, -78.29, -77.75, 
    -78.21, -77.91, -77.12, -77.96, -78.67, -77.5, -77.71, -77.42
    ),