structure(c(16L, 1L, 5L, 6L, 9L, 10L, 11L, 2L, 8L, 3L, 4L, 7L, 
12L, 13L, 14L, 15L), .Label = c("1911_67944", "2321_91906", "2391_68592", 
"2391_68594", "2391_68814", "2391_69002", "2391_69037", "2391_69058", 
"2391_69062", "2391_69091", "2391_69133", "2391_69164", "2391_69169", 
"2391_69177", "2391_69181", "2401_30555"), class = "factor")
